306
201
332
311
301
321
290
266
308
310
318
316
295
318
295
311
308
229
315
219
310
293
273
280
281
268
281
181
335
287
313
240
297
327
291
296
340
293
207
282
353
285
372
300
279
288
310
294
176
285
295
323
303
282
317
310
324
270
320
225
295
205
325
294
291
203
297
281
317
322
302
321
282
285
170
288
299
311
298
220
287
294
272
290
284
290
217
304
278
299
279
285
300
286
283
285
712
167
307
171
333
283
304
293
372
305
314
188
294
307
225
323
198
404
300
160
302
168
257
278
367
384
300
239
215
242
162
179
139
153
210
161
222
181
226
205
306
205
244
275
297
296
303
306
300
273
289
344
294
321
239
305
203
367
217
284
207
212
280
208
367
291
294
143
750
319
229
308
286
281
313
295
304
280
195
297
225
280
285
307
301
160
763
162
299
288
292
312
306
311
300
303
317
318
283
310
262
308
225
315
