253
264
201
187
181
205
206
264
320
183
216
185
361
216
215
193
209
218
193
208
107
95
115
132
126
132
205
95
215
118
124
125
145
204
122
125
121
153
119
204
108
120
126
210
119
202
112
156
204
129
227
107
129
125
129
116
122
208
105
154
196
124
208
122
153
121
182
135
170
143
160
122
133
213
104
221
141
129
121
134
134
121
122
122
127
142
120
126
113
235
114
208
134
210
110
206
100
292
174
294
171
187
167
179
178
164
189
170
172
178
173
164
187
169
177
179
169
188
179
180
187
170
167
182
182
175
178
183
172
179
181
229
180
165
277
182
289
175
162
211
321
173
184
168
223
205
172
229
165
172
221
187
179
229
262
315
180
184
229
175
174
312
176
298
239
216
289
224
207
361
226
252
260
272
233
213
204
253
245
200
244
197
269
218
199
259
204
205
236
263
250
256
232
189
255
222
255
219
192
218
