220
652
641
290
270
541
812
1092
761
771
1122
381
762
952
982
952
812
1473
2254
521
711
1282
1122
932
1343
911
1573
1332
952
912
992
1042
1032
1954
892
892
932
451
1122
320
1022
330
821
1403
1623
912
1964
1453
681
1232
841
1092
731
982
1192
1122
701
852
1824
531
801
481
821
1092
1051
671
491
781
380
772
431
1001
671
1102
982
752
931
701
1253
952
951
712
280
411
892
390
832
771
922
892
792
1042
1112
1132
952
771
901
1123
1182
892
1082
1152
1673
872
1022
270
711
1042
781
1292
982
491
1422
1092
1112
1162
1012
1072
481
631
