2675
2575
2715
2134
2164
2294
2144
2575
1994
2635
2755
2675
2986
2274
2686
2194
2395
1894
2865
2255
2385
2825
2034
2404
2004
2455
2375
2184
2364
2475
2575
2615
2355
2595
2224
1824
2475
2484
2154
2114
2195
2445
2395
1913
2034
2725
2756
2876
2144
2765
2465
2945
1974
2485
1963
2665
2344
2545
2345
2304
1794
2605
2254
2585
1823
2565
2254
2575
2164
2274
2144
2374
1853
2264
2284
1913
2255
2294
2094
1913
2134
1994
2495
2034
1744
2124
2705
2434
2074
2224
2184
2615
1934
2565
2264
2455
2866
2434
2124
2345
