329
326
310
318
311
292
215
335
227
298
336
315
447
291
297
297
309
292
300
297
230
300
210
289
332
298
299
296
297
192
221
304
215
310
295
302
298
289
309
287
308
292
302
287
283
292
300
234
302
300
253
271
285
299
333
281
306
308
304
321
285
297
303
302
296
323
287
296
375
296
286
219
223
312
223
321
220
302
219
293
217
303
312
288
291
331
223
307
214
302
295
292
282
288
284
285
325
315
338
289
302
299
317
292
221
293
221
281
299
292
295
216
329
206
309
302
297
153
281
218
310
227
315
299
284
286
315
287
274
306
303
205
279
304
241
321
294
295
299
297
320
289
297
280
285
288
302
299
294
313
399
305
294
291
292
306
322
300
296
192
284
202
290
301
297
329
312
326
305
308
301
310
298
304
299
300
283
267
307
293
267
296
224
322
321
306
303
296
299
291
298
304
308
289
292
293
299
315
292
287
