1953
2104
2053
2484
2114
2414
2083
2004
2244
2785
2004
1713
2154
2144
2234
2104
3347
2916
2414
2054
1873
2194
1974
2154
2064
2134
1973
2725
2054
2574
2254
2284
2365
2645
2594
1923
2314
2485
2465
1974
2244
2875
2224
1934
2394
2135
2255
2224
2204
2766
2275
2174
1694
2304
2315
2184
2274
2314
2765
2154
2676
1854
2384
2535
2625
2515
2044
2134
2435
2414
2215
2404
2394
2505
1934
2054
2935
2365
2485
2545
2274
2395
2004
2524
2696
2214
2415
1833
2355
2265
2194
1843
2264
1923
2164
2324
2465
2285
1723
2244
