314
348
339
308
319
323
295
250
295
230
278
320
308
305
329
328
316
321
297
330
311
325
315
311
223
300
307
288
297
320
302
316
340
299
306
329
305
320
317
316
230
241
226
298
235
308
232
296
312
296
306
309
333
292
325
293
333
291
304
301
314
310
295
315
296
317
312
307
306
314
313
313
313
289
322
180
740
195
296
295
302
291
178
313
194
254
183
224
777
216
774
227
183
824
171
312
316
277
200
316
308
327
308
334
313
332
316
318
334
294
305
234
314
295
213
310
301
228
325
312
225
312
240
287
319
295
306
305
320
315
248
393
202
265
203
211
213
271
271
299
345
288
259
305
275
277
249
281
292
273
273
271
251
273
260
289
265
286
284
283
276
280
270
281
283
257
278
198
253
288
200
296
201
262
373
252
272
246
269
210
305
207
270
256
295
265
269
318
269
265
157
692
160
294
258
283
246
252
314
278
