280
305
282
272
333
280
299
286
297
283
281
281
191
296
207
198
283
290
264
284
276
271
208
274
206
271
205
293
285
281
267
277
255
252
298
275
190
194
329
284
189
237
288
234
267
210
263
194
195
265
272
267
256
253
290
301
277
269
275
278
266
265
262
268
261
263
270
261
262
269
269
264
276
262
309
307
268
282
271
314
271
254
278
255
263
274
329
252
174
183
262
186
263
254
186
207
268
253
266
283
274
269
259
211
268
182
264
195
270
290
252
323
319
302
165
193
273
276
263
266
259
271
268
257
270
257
250
266
270
264
302
267
262
294
281
261
260
298
262
358
263
283
260
265
268
288
166
277
192
272
253
236
222
311
263
213
265
265
362
275
263
260
317
268
266
273
267
261
269
261
282
276
277
306
269
266
274
288
288
307
267
259
295
268
267
262
267
210
264
269
134
200
332
269
196
240
261
268
269
277
