1804
1803
1733
1323
1373
1443
1192
1653
1874
1512
2165
2084
1493
2124
2014
1533
1814
1883
1613
1263
1212
1473
1773
1503
1713
1162
1813
1603
1503
2645
2003
2003
1783
1302
1253
1864
1663
1413
1673
2013
1773
1824
2074
2164
1433
1583
2194
1694
1523
2204
2224
2114
1854
1623
2094
1463
1814
1603
1423
2175
1493
1483
1493
1563
1563
1954
1793
2064
1924
1723
1924
2414
1843
1894
1884
1663
2114
1443
1573
1643
2104
1703
1513
2054
1693
1533
1804
1553
1593
1673
1913
1573
1433
1654
1773
1723
1262
1372
1964
2084
