282
235
261
290
283
294
291
248
285
301
285
339
277
307
308
200
284
307
310
314
279
284
178
281
293
302
276
293
299
187
327
288
284
303
289
288
183
299
296
287
280
299
290
287
312
177
314
295
286
274
312
301
288
312
294
189
301
287
290
291
231
280
281
295
282
176
300
279
293
339
316
341
338
310
315
333
328
297
294
312
337
242
339
218
329
294
338
310
331
317
184
367
319
326
309
322
301
298
302
288
293
305
339
310
315
350
328
299
302
294
280
258
331
343
230
332
308
311
301
308
308
322
319
337
351
327
291
303
340
244
322
325
346
294
316
303
332
212
324
282
317
340
293
334
409
340
252
281
312
299
321
229
298
333
315
356
228
311
343
261
314
300
333
234
316
308
222
301
263
224
348
229
320
335
221
393
333
709
192
330
329
248
328
246
281
301
179
321
350
334
306
323
212
321
294
213
306
207
287
329
