672
281
942
881
621
1062
922
1333
1483
902
1233
1253
1222
892
1933
1513
1473
1142
1242
801
1954
561
681
691
1262
1082
1112
1252
1482
842
291
591
972
761
1102
1032
1082
300
1072
581
500
2174
641
1072
1052
411
581
992
922
1062
471
581
822
1453
541
1193
1363
952
802
911
931
602
791
1142
581
1142
1012
1442
982
1022
1072
1443
1644
1223
1322
801
942
992
1262
752
912
591
761
922
972
1022
862
681
1693
611
612
371
1102
460
962
1302
782
1343
1082
972
962
1332
691
802
511
1062
271
391
922
651
712
992
1242
461
391
1002
1373
1092
1072
1443
