1974
2775
1794
1873
1563
2915
2074
1502
1704
2264
2295
2114
1433
1874
1754
1763
2525
2715
2324
2575
2104
2474
1933
1874
2024
2305
1814
1834
1954
1934
2264
2094
2004
1944
2184
1694
1984
2084
1623
1893
1853
1923
2645
1954
1984
2305
3126
2305
1503
2034
1863
1703
1833
2295
2084
1914
2435
1783
2074
2014
1924
2034
2234
2204
1954
2164
1884
1953
1773
1954
2344
1653
2144
1823
1974
1903
2655
2545
1763
1974
2114
1954
2054
2024
2235
1924
2705
1743
2535
2104
1613
2014
1934
2054
2274
2444
2304
2124
2033
2024
