1453
1893
1503
1703
2405
1623
1282
1132
1823
1583
1483
2224
1613
1473
1774
1553
1453
2184
2014
2374
1863
1303
1533
1242
2194
1503
1894
2235
1563
2014
2023
1724
2164
1573
1914
1723
1753
2024
1613
1734
1323
1803
1713
1763
1843
1573
1934
1834
1784
1673
1693
1593
1713
1843
1292
1754
1834
1422
1763
1703
1753
2555
1804
1323
2083
1934
1753
1363
1482
1593
1533
1824
1523
1694
1984
2014
2434
1864
2294
1774
1723
1463
1303
1713
2224
1583
2064
1392
1753
2054
1733
1793
1512
1853
1773
2044
1593
1503
2274
2414
