1432
1413
2024
1393
1413
1393
1403
1583
1934
2064
1653
1643
1643
2074
1804
1773
2134
2094
1873
2054
1523
2154
1643
1703
1823
1893
1523
1593
1733
1693
1704
2144
1703
1723
2335
1734
2214
1603
1914
1964
1432
1513
1843
1263
1814
2275
1613
1573
1533
1914
1373
1513
1553
2215
1994
2425
1232
1393
1873
1543
1603
1603
1693
1462
1873
1833
1563
1723
2004
1753
1753
1693
2014
1703
2365
1232
1684
1503
1513
1713
1593
1512
1853
1613
1884
1964
1533
1954
1543
1793
1853
1773
1853
1993
2324
1503
1473
1713
1583
1363
