400
280
812
341
782
811
931
1062
671
331
491
431
301
851
601
1001
691
220
972
421
431
391
912
341
1252
351
381
621
1102
641
1973
521
832
411
642
220
882
591
240
291
370
211
1012
982
441
441
310
441
321
521
1272
601
431
712
1343
1944
1222
832
401
211
812
481
791
401
461
251
441
882
661
210
531
872
341
220
632
231
992
621
702
641
230
301
882
1022
310
210
1232
1713
1363
872
551
311
421
230
741
350
1193
340
351
361
1092
1192
311
1242
882
731
1022
230
691
831
451
401
1162
350
240
942
1122
682
1723
741
