251
349
196
354
188
182
202
408
186
338
344
253
228
204
220
204
231
212
198
199
195
194
202
249
407
206
329
203
340
187
199
184
207
208
193
213
205
200
200
211
210
194
333
330
242
350
234
195
205
208
290
208
200
345
203
327
195
341
185
345
183
210
250
210
189
187
194
188
200
252
200
218
183
196
197
231
335
330
326
214
293
249
360
211
209
222
215
202
214
210
217
242
226
219
208
218
213
214
213
198
209
223
216
225
204
205
338
176
332
204
208
214
230
212
207
197
199
214
202
211
209
198
220
217
238
209
192
206
195
218
230
216
189
206
213
213
198
199
218
212
222
205
206
213
200
228
216
182
218
193
200
208
190
210
184
251
204
181
219
197
324
179
330
210
339
169
332
190
349
171
339
181
196
194
220
189
183
172
201
169
267
190
258
273
227
255
324
200
206
175
189
199
172
194
284
192
177
200
192
289
