3206
1563
1884
2424
2074
3006
1773
2645
2445
2725
2865
2174
2525
3266
2364
2074
2084
2225
2725
2464
2294
1954
2114
2625
2354
2565
2304
2064
2174
2474
3457
2154
2405
2524
2945
2074
2895
2244
2605
1994
2575
2064
1883
2205
1773
2695
2084
2144
2475
2494
2966
2114
2335
1923
2885
2495
2185
2676
2194
1923
2014
2205
2214
2545
2003
2495
2315
1713
2665
2464
2896
2605
2564
2104
1984
2415
2154
1914
3196
2435
2335
1904
2986
2325
2495
2174
2575
1964
2205
2164
2094
2154
2014
2044
2295
2184
2525
2354
1914
1743
