812
251
401
491
220
651
551
1182
571
471
862
411
852
1102
341
320
531
1233
501
581
1022
210
231
320
270
581
1513
361
370
240
1172
321
1423
731
531
1032
311
271
200
611
561
811
421
261
1452
261
601
801
1432
992
932
351
1032
1153
741
1183
752
451
370
391
451
491
511
341
1442
511
211
611
280
230
1433
871
350
251
611
210
1352
871
992
361
361
451
241
351
722
531
661
1242
300
801
321
581
962
1122
220
601
941
331
731
931
671
401
1123
1022
962
1103
201
551
230
200
731
390
190
1042
1954
772
461
290
1193
1072
