1984
2104
2665
1934
2024
2204
2705
2144
2304
1974
2354
1914
2715
2775
3036
2084
2765
2936
2245
2195
2705
2915
1993
2605
2475
1753
2134
2034
1904
2154
2575
2265
2375
2445
2354
2424
2595
2745
2084
2435
2104
1944
1984
2144
2254
1964
2154
2444
2715
2745
2555
2855
1833
1833
2274
2345
2385
2385
1753
3907
2034
2244
2174
2084
2304
1934
1883
2314
2235
2245
1964
3156
2174
2284
2124
2365
2174
1784
1944
2454
1984
2565
2365
2635
2114
2525
1984
2274
2515
2524
2405
2324
2435
2084
2084
1764
2214
2865
2034
2374
