1052
1433
1362
1382
1583
1873
1052
1523
1523
1573
2605
1423
1773
1974
1483
1643
1573
1643
2064
1433
1433
1513
1092
1423
1934
1583
1663
1463
1362
1583
1563
1132
1593
1372
1643
1523
1583
3116
1432
2304
1393
1323
2254
1272
1763
1183
1713
1783
1503
1533
1233
2234
1403
1763
1693
1933
1443
2565
1172
1823
1973
1403
2003
1933
1483
1904
1873
1573
1403
1844
1673
1814
1442
1413
1623
1853
1703
1873
1252
1854
1583
1864
1733
1433
1893
1813
2004
1262
1333
1282
1824
1553
1613
1203
2034
1704
2265
1463
1393
1803
