221
303
288
225
326
186
219
183
221
303
225
207
187
175
225
267
215
223
181
179
229
179
298
171
330
139
202
175
218
284
185
276
303
269
164
187
233
281
262
194
260
159
184
221
299
223
152
214
350
351
184
197
253
197
197
197
249
271
204
336
243
450
253
207
221
262
345
241
202
408
244
325
210
341
205
257
208
215
372
356
254
191
242
212
343
187
206
247
196
339
215
336
231
220
253
231
250
242
399
198
200
244
326
253
199
367
232
203
247
335
253
239
243
336
195
247
215
194
240
326
244
211
336
193
213
248
277
206
203
250
199
369
192
323
209
202
197
242
324
184
180
349
237
195
307
212
342
195
201
239
195
236
245
200
335
214
313
197
327
204
193
367
191
331
197
277
190
194
196
250
333
254
200
318
189
324
245
316
260
327
176
192
334
182
320
192
205
252
352
236
198
340
189
360
185
240
204
354
199
172
