242
229
315
321
307
305
287
336
233
308
318
303
291
309
304
739
176
301
322
332
323
364
298
207
333
293
327
286
233
296
298
815
230
293
339
295
229
300
242
301
306
299
317
218
220
226
218
297
314
310
307
300
350
300
292
319
338
299
204
288
307
302
315
303
228
316
305
295
290
304
298
300
293
313
297
320
287
325
313
310
314
231
305
284
316
306
225
300
201
326
330
345
304
299
242
210
202
214
282
321
275
302
303
291
322
266
300
300
351
293
299
301
284
294
307
306
295
319
303
295
293
285
308
279
223
710
217
314
297
335
180
288
306
308
295
294
200
304
304
290
312
298
289
296
252
308
287
208
296
234
285
739
196
301
187
279
298
294
293
304
297
274
321
298
296
275
391
315
305
296
310
196
312
286
312
288
293
300
280
694
208
283
289
302
294
275
302
274
319
271
302
289
315
288
294
308
295
274
292
310
