206
376
225
215
200
195
186
196
198
241
196
244
191
247
204
201
204
195
189
187
191
205
207
187
196
330
222
194
196
213
201
182
187
179
190
180
187
176
297
192
204
192
186
341
202
212
182
183
199
175
187
243
325
201
374
192
198
194
200
191
189
182
187
184
202
194
189
195
196
181
189
212
192
243
195
324
204
190
194
182
186
183
201
183
188
191
180
181
174
175
226
310
205
232
223
228
235
234
273
281
238
256
228
327
232
237
240
251
236
182
247
339
170
346
230
216
355
296
353
263
415
259
207
208
208
208
201
199
226
368
238
208
220
198
198
299
205
350
266
199
198
202
207
201
232
256
348
265
201
211
208
208
210
218
196
200
203
197
210
216
212
215
328
223
351
303
195
206
224
203
196
199
190
189
209
253
194
189
203
199
356
196
197
217
199
202
197
193
218
209
205
198
206
212
210
202
223
360
376
346
