1312
1372
1633
1243
1293
1583
1452
1532
1413
1492
1693
1994
1473
1734
1633
1623
2384
2775
1673
1844
1844
1883
1653
1943
1533
1974
1923
1804
1623
2034
1723
1593
1934
1563
1653
1603
1864
1393
1252
1964
2054
1523
1754
1833
1603
2214
1783
1363
1903
1583
1523
1533
2174
1944
1823
1443
1844
1773
1683
1483
1693
1743
1462
1833
1513
2124
2093
1713
1443
1493
2074
1853
1353
1693
2365
3126
2074
1803
1653
1553
1453
2214
1974
1653
1423
2745
1994
2154
1683
1774
1874
1703
2094
1864
1553
1704
1743
1563
1433
1743
