236
313
299
183
195
201
354
263
239
319
189
196
325
196
223
192
238
231
194
192
193
250
209
198
246
225
196
187
334
307
292
244
304
216
307
328
311
310
202
305
321
229
288
311
229
175
183
284
313
302
206
186
189
304
235
164
228
297
227
301
150
297
308
324
292
188
181
262
234
237
187
224
304
302
142
187
179
309
308
296
330
296
294
166
313
316
325
303
138
284
300
315
345
180
188
170
295
247
215
316
171
321
297
226
199
185
179
300
228
213
219
183
321
297
321
187
315
297
268
226
296
295
214
189
360
260
177
189
316
319
140
222
319
197
336
262
329
237
354
191
329
341
369
352
268
187
198
352
353
325
331
338
370
207
336
235
212
333
343
334
329
244
213
210
256
350
237
354
247
327
229
238
319
225
189
185
318
358
289
325
223
325
319
241
261
312
345
320
368
239
316
328
344
327
195
201
325
322
339
336
