199
334
165
200
335
241
328
205
197
207
192
336
300
336
458
184
195
341
240
239
261
214
237
185
325
310
361
247
201
298
323
202
341
331
250
253
248
373
333
285
301
214
189
186
247
330
317
301
225
337
288
183
243
317
306
316
295
188
338
316
325
321
193
178
301
221
301
237
205
202
289
212
191
328
333
341
229
353
235
236
297
294
212
305
180
191
216
191
185
236
322
323
325
229
320
264
295
296
194
182
187
191
193
320
237
300
217
186
184
186
290
329
313
330
324
191
234
311
316
318
311
211
235
334
299
232
226
249
206
180
331
204
302
300
235
336
171
187
233
337
216
298
173
216
309
302
292
216
331
260
204
318
295
237
222
224
326
335
280
189
232
202
195
171
203
190
232
249
184
285
230
175
240
305
203
198
194
163
189
169
306
242
173
179
190
202
174
328
344
186
233
216
179
307
283
244
215
224
287
212
