196
294
212
259
295
277
276
287
285
261
282
317
281
9715
281
285
278
289
273
307
262
283
283
282
254
255
256
301
278
255
248
281
286
281
288
271
274
303
275
334
280
249
275
253
252
281
296
282
279
289
289
302
281
276
274
300
269
252
271
320
281
273
258
181
363
191
284
208
279
279
288
290
263
274
277
256
264
274
274
277
272
268
300
264
288
268
286
261
297
266
285
275
288
271
257
332
279
289
279
277
256
291
284
256
287
268
260
270
295
304
291
279
228
251
253
279
316
273
289
276
278
283
357
291
257
278
287
251
280
261
254
281
252
300
298
277
293
315
296
279
265
258
274
280
285
281
275
290
283
304
275
279
268
272
271
289
270
270
281
282
229
279
212
286
291
204
253
291
257
283
275
292
277
251
277
270
290
274
260
301
260
299
289
279
296
283
250
290
279
264
251
257
300
286
304
248
267
289
267
300
