1843
2585
1253
1673
1303
1883
1233
1372
1513
1543
1753
1683
1993
2495
1783
2134
2445
1773
1774
1924
1823
2004
2124
1914
1643
1904
2344
2474
1362
1843
1243
2074
1984
1963
1633
1793
2194
2003
2014
1993
1572
2274
1583
1833
2164
1533
1423
1783
1553
1433
1803
1463
1503
1853
1754
1973
1664
2264
1452
2134
1503
1974
1693
1502
2074
1844
1804
1834
1663
2705
1643
2294
1382
2174
1753
2194
1743
2074
1723
1824
2114
1993
2234
1834
2034
1513
2385
2154
1643
2524
1754
1643
1964
1132
1242
1703
1944
1833
2104
1973
