256
240
343
384
221
207
202
200
202
213
338
357
295
373
248
204
333
346
272
372
208
279
221
209
268
229
263
214
199
224
333
358
253
364
261
346
204
239
192
204
246
206
325
382
239
229
230
182
189
200
328
358
336
263
342
249
198
243
203
351
390
253
305
317
233
305
231
236
185
204
212
192
183
242
249
204
200
187
181
203
335
308
279
277
220
186
324
225
311
249
309
310
346
317
363
348
311
300
378
318
238
335
193
187
186
183
227
308
311
305
259
299
212
192
308
251
241
237
254
339
313
227
311
206
203
198
241
238
199
202
201
262
335
327
335
165
331
318
309
332
187
230
183
236
401
324
312
172
336
192
200
329
189
254
318
328
239
235
200
248
226
201
196
211
185
182
251
331
313
168
187
226
339
312
189
335
336
238
327
188
240
337
188
203
374
183
171
313
336
185
320
320
235
340
191
187
306
319
232
342
