261
199
276
268
272
271
271
279
287
257
271
208
272
346
162
176
164
186
162
179
168
185
270
301
279
281
268
259
261
254
289
211
297
257
289
275
331
189
282
268
289
276
233
285
277
262
268
204
220
256
184
271
223
162
289
248
271
200
186
277
263
279
683
264
328
265
158
119
160
150
161
172
207
162
200
291
206
292
245
267
206
207
274
274
264
204
270
302
253
282
155
359
153
165
246
239
230
245
231
189
218
228
323
173
305
316
238
298
290
171
180
181
227
284
321
303
302
313
306
215
298
288
288
314
334
298
223
212
283
294
742
258
238
313
305
223
306
302
342
320
210
218
289
289
211
285
309
194
187
176
177
186
187
212
174
210
209
269
229
313
289
291
296
325
350
213
212
290
325
292
303
299
288
221
211
303
298
217
327
307
286
313
303
293
263
307
308
311
298
289
295
321
316
210
225
296
331
344
290
214
