241
338
348
175
191
196
240
237
327
334
319
337
351
179
191
368
242
286
315
234
845
171
229
287
307
192
180
334
218
357
309
225
333
332
252
324
290
263
330
311
235
242
318
331
295
331
239
292
345
198
191
281
201
212
197
347
190
200
201
337
207
195
187
378
183
383
197
319
200
443
306
311
284
187
183
318
191
182
191
326
185
185
324
237
325
214
317
311
339
229
192
385
216
309
235
394
324
189
185
330
193
184
226
228
310
348
248
233
319
323
311
291
235
313
343
333
319
238
337
331
236
191
314
186
224
312
326
189
340
187
183
309
186
190
195
338
191
794
167
316
324
296
303
246
341
236
240
233
319
312
328
301
265
828
184
394
232
330
308
330
302
325
231
784
183
203
200
303
183
854
172
315
314
328
332
263
321
767
237
226
313
320
307
306
327
199
324
339
167
333
298
315
301
326
201
237
342
190
770
200
