1873
2125
1863
2094
1693
2224
2425
2525
2094
2254
2495
1953
2214
3055
1744
3768
2725
2394
1944
2394
1754
1944
2715
2043
2265
1904
2275
1874
1964
2003
2244
1784
2425
1874
2384
1863
2956
2474
2385
2244
1974
2174
1924
2134
2064
2284
2375
2444
1543
2124
2073
2404
1703
2445
2535
2415
2234
2114
2485
2013
2124
1994
1984
1814
1813
1984
2394
2044
2124
2485
2184
1633
1683
1803
2094
2335
2805
2485
1894
1813
2304
2054
1984
1663
1393
2304
2355
2295
1743
1272
2104
2134
2124
2054
2635
2054
2395
2304
2715
2064
