246
186
192
192
183
328
293
228
332
172
195
197
223
346
334
348
228
199
191
344
203
198
232
330
298
202
208
210
185
332
337
326
234
164
329
315
232
306
239
235
152
321
191
243
320
312
203
156
214
188
161
338
316
226
371
191
183
194
306
274
320
239
166
189
265
357
248
186
202
328
192
185
190
322
309
226
246
179
229
171
239
269
321
220
322
213
305
158
226
309
267
174
190
332
298
193
328
230
302
170
326
318
314
187
270
278
286
232
334
354
372
263
200
222
326
199
204
373
413
389
206
344
350
220
194
183
230
335
352
232
188
321
200
187
338
197
191
242
186
201
197
321
227
251
345
340
229
339
263
299
198
322
312
274
285
228
234
191
191
333
328
265
270
210
212
316
360
209
255
322
317
346
233
190
218
226
192
195
205
190
198
332
312
245
310
168
227
185
189
179
362
327
247
301
218
269
279
175
247
365
