224
368
211
228
311
323
336
326
273
326
316
283
201
785
180
301
295
467
332
303
243
323
227
430
313
296
324
284
280
275
718
303
283
818
295
281
742
300
169
236
173
312
754
161
748
206
316
316
313
295
295
298
284
229
296
219
292
297
304
318
302
294
214
308
276
209
267
307
290
275
295
304
301
300
292
279
243
313
219
269
290
337
289
322
298
328
795
304
216
346
302
317
243
329
288
255
333
288
233
300
311
782
316
331
295
324
191
287
308
750
296
271
305
234
303
294
230
282
323
237
314
221
312
771
296
295
797
285
173
346
295
291
335
298
295
232
300
314
247
309
317
221
192
740
158
195
301
299
231
313
300
288
277
694
167
286
313
296
221
310
302
305
280
305
310
301
199
295
299
228
263
326
155
227
251
268
266
285
303
276
286
205
311
308
285
304
285
262
288
299
280
268
302
318
286
306
316
306
292
309
