961
290
642
721
490
791
621
771
971
381
771
521
861
882
901
961
1202
701
431
1002
1252
551
791
972
812
1282
401
1082
1022
1001
802
1062
822
1593
762
682
612
992
962
932
381
701
831
531
1082
711
991
1102
701
1303
1273
1192
1683
400
942
762
761
281
461
411
1223
721
371
1042
611
1282
972
961
1282
982
1763
741
1152
1082
1303
461
391
611
411
902
511
681
1302
822
872
671
1022
572
471
1093
902
872
761
611
911
250
440
772
781
661
851
822
1393
1453
591
1623
651
1453
471
1273
1082
531
821
511
872
802
1132
521
702
340
