233
180
188
299
319
208
296
305
296
230
330
228
180
191
333
328
334
336
191
197
173
315
306
336
181
173
311
324
317
229
305
231
300
307
326
218
312
176
322
178
215
309
221
303
232
181
311
302
242
363
237
296
232
310
194
333
297
171
207
303
320
184
307
302
336
315
227
313
222
312
324
302
300
234
314
181
236
305
278
343
300
177
176
296
298
223
303
219
303
237
302
186
192
296
306
193
172
191
179
189
206
186
340
287
299
286
329
176
173
184
178
182
215
177
198
292
184
297
292
181
244
173
230
181
315
317
288
297
220
241
222
283
295
303
307
143
282
239
320
307
289
300
180
181
314
302
255
226
222
304
234
170
297
185
234
292
302
236
221
232
173
193
204
300
307
259
309
174
181
174
180
220
337
300
170
176
170
178
179
182
183
189
312
300
327
263
320
353
311
281
222
312
293
183
298
298
273
224
226
324
