234
339
300
340
304
286
313
274
226
323
202
293
307
313
308
323
196
310
243
315
216
295
299
285
323
221
272
228
306
287
332
308
308
301
270
197
296
222
255
244
307
336
288
301
334
288
339
327
253
305
225
217
307
236
282
319
302
317
338
294
173
307
241
301
330
295
290
272
286
313
314
240
296
237
228
302
242
266
302
293
267
339
209
349
220
311
265
263
296
317
224
311
214
274
347
302
207
280
243
311
201
269
225
310
364
305
297
206
339
221
313
303
291
298
302
316
252
187
314
224
305
259
304
295
313
287
304
177
303
212
330
316
295
302
260
324
307
173
316
196
316
307
299
284
292
260
292
217
309
225
303
262
293
309
329
257
305
187
361
213
318
209
260
191
234
308
296
300
182
314
199
304
314
307
292
306
293
315
375
260
231
305
227
225
309
191
336
264
295
320
351
166
340
260
189
260
309
363
328
235
