2364
1753
2255
1763
2645
2535
2134
2304
2625
2454
2725
2224
2454
2675
2725
2404
2124
2645
3016
1953
2194
2294
2294
2214
2455
2254
1744
2415
2725
2565
2454
2345
2064
2155
2104
2234
2255
1934
2124
2244
2214
2244
2384
2144
2034
2535
2655
2424
2104
2284
2184
2204
2325
1733
2174
2305
2074
2255
1944
2235
2355
2435
2044
2325
2345
2785
1914
1843
2014
2315
2394
2605
2274
2104
2364
2304
2234
2725
3086
2715
1693
2174
2385
2324
2545
2675
2765
2374
2214
2916
2575
2184
2434
2474
1954
1934
2195
1993
2354
2094
