932
220
571
281
230
411
1653
581
1303
190
901
301
361
431
751
981
451
381
331
801
1022
922
230
511
491
651
511
431
631
531
1002
1253
691
741
501
501
220
1563
260
541
551
310
751
541
1012
681
251
401
211
692
1021
902
1032
1212
1022
300
321
802
952
381
721
932
1433
1002
932
1122
991
1393
1162
240
401
1113
1453
481
461
852
591
1082
1483
1132
1112
561
1012
1102
1082
341
561
541
672
200
642
1022
911
470
361
421
300
340
782
461
882
231
852
601
692
581
591
812
320
832
872
1032
270
962
702
571
311
321
641
360
