376
449
323
272
301
323
317
320
248
330
316
322
348
318
325
311
326
328
309
229
321
325
400
183
339
195
236
313
316
323
323
313
326
324
328
321
321
312
339
319
328
311
319
306
324
253
326
233
322
244
273
329
317
234
233
330
308
247
309
328
312
218
318
327
316
342
316
338
339
322
322
341
246
237
228
237
343
310
320
238
316
301
329
306
313
309
315
242
309
322
312
321
195
320
189
233
196
305
826
752
184
232
343
228
380
244
272
322
227
263
226
244
779
173
339
319
337
313
321
307
320
243
236
323
235
271
334
324
318
306
308
222
236
338
324
321
221
184
330
321
263
300
309
313
326
298
283
299
310
298
305
292
229
307
224
255
295
319
294
304
286
232
288
213
265
304
301
292
220
308
212
322
320
271
299
279
298
304
298
297
292
307
223
317
304
224
305
302
312
318
317
297
279
293
303
294
304
296
325
298
