1834
2415
1854
1984
1863
1323
2485
1483
1603
2194
2013
2225
2265
1984
2084
1984
2114
2284
2495
1964
1843
1803
2735
2184
2245
2324
3006
1663
2195
2214
2024
1984
2074
2064
2154
2014
2495
2004
1724
1914
2505
1623
2565
1964
2114
2464
1894
2585
1724
1583
1934
2134
1934
1824
2635
2725
2594
2284
2124
2455
2334
1643
2184
2364
2445
2244
2495
2856
2735
2385
2505
2194
2334
2185
2094
2114
1744
3016
2164
2535
1863
2615
2013
2094
2284
2915
2535
2525
2565
2414
2394
1853
2665
2445
2314
2395
2495
1923
2935
2154
