1153
1303
1493
1823
1303
1733
1382
2004
1363
1182
1944
1693
1914
1994
1313
2084
1663
1924
1553
1593
1533
1583
1272
2074
1373
1593
1543
2435
1603
1633
2465
1703
1473
1783
1743
1643
1964
1944
1493
1303
1733
1994
1633
1944
2154
1673
1733
1673
2114
1262
1653
1684
1122
1673
1393
1603
1724
2274
1162
1272
1934
1563
1322
1913
1413
1312
1994
1082
1443
1813
1002
1933
1643
2164
1482
1533
1693
1994
2464
2044
1663
1603
1723
2345
1373
1553
1694
1853
1983
1052
1944
1403
1603
1603
1633
1703
2155
2315
1934
1813
