1844
2485
2335
1583
2234
2275
2063
2645
2144
1803
2434
1814
2324
1853
1904
1913
2204
2124
2265
1874
2295
2495
2375
2114
2154
2275
2014
2104
1523
2304
1913
2024
2455
2194
2164
2194
3246
1673
2144
2445
2736
2084
1864
1853
2094
1833
2575
2134
2324
2314
1954
2034
1864
1923
2495
2214
2835
2504
1824
2104
2044
2555
2184
2024
2194
2255
1953
2054
1954
2905
2435
2385
2054
1783
2675
1974
2114
1743
2194
2645
2444
2164
2505
1753
1884
2144
2395
2454
2114
2195
2185
2064
2194
1714
2465
2104
2064
2234
1743
1823
