2135
2144
2014
1593
2004
2024
1874
1864
2535
2315
2054
2204
1644
1793
2645
1913
2144
2104
2344
2024
1994
2555
2445
1613
2374
2465
2134
1623
2074
1663
1863
2395
1864
2365
2385
2074
1643
2204
1954
2244
2354
1894
1984
1823
2415
1913
2355
2946
1703
1994
2345
2615
1984
2014
1893
2385
2125
2094
2445
2054
2675
2745
2024
2735
2725
2254
2435
2114
2044
2334
2164
1643
2084
2755
1453
1553
1914
2014
2074
2274
2094
2184
2374
1804
1984
1563
2534
1843
1934
2344
2064
2334
2445
2074
1824
1663
1894
1773
2024
1794
