335
298
233
318
226
292
288
298
230
280
215
204
237
291
204
276
280
316
339
303
279
285
219
247
312
318
356
316
306
277
280
278
287
330
319
315
293
184
275
219
227
322
317
313
323
280
677
157
287
177
339
291
292
217
317
458
228
342
206
282
322
281
287
282
317
288
307
276
173
309
296
285
202
284
220
362
284
243
292
214
282
212
306
319
283
282
185
347
320
314
318
288
360
291
271
200
233
320
216
288
213
281
311
282
306
313
153
308
289
305
313
294
219
277
285
206
290
208
288
179
309
218
303
325
320
279
306
229
205
227
340
245
300
304
302
282
208
274
324
296
303
215
282
210
285
200
294
210
240
289
290
307
317
388
220
229
282
280
295
290
212
328
190
279
271
297
268
218
302
323
314
310
292
199
714
332
229
297
222
287
294
212
236
299
221
289
218
282
319
294
285
284
278
318
331
297
213
339
227
234
