311
411
912
1523
852
1132
892
330
681
391
411
311
481
451
811
811
1233
902
1343
201
281
271
892
211
1112
1523
1162
1172
511
571
651
371
511
631
601
541
350
931
992
762
561
451
621
1213
1533
792
191
401
521
1183
531
440
210
592
1162
551
832
801
1022
280
261
752
291
751
551
541
401
942
461
361
702
471
421
361
210
521
221
1363
1212
682
742
531
571
531
1112
571
301
320
1583
1182
1012
391
241
641
1052
551
831
1012
601
350
721
882
952
501
281
672
261
752
601
721
271
310
702
972
701
241
701
241
241
921
