2144
2935
1783
2334
1934
2074
2304
1804
1492
1673
2094
2174
1913
1613
2715
2204
2013
1823
1713
1974
2385
2355
2134
2445
2354
2284
1933
1923
2345
1883
2825
3146
2275
2003
2545
2214
2565
2395
2064
1713
1563
2726
2084
2234
1704
2044
2405
2004
2014
1763
1713
1974
2034
1643
2084
2044
2164
2084
2325
1783
2034
1894
1893
1774
1984
1944
1904
2335
1843
1894
2164
2895
2094
2244
1864
2104
2164
1833
1623
1984
2234
2445
2384
1824
1743
1904
2033
1833
2044
2495
2204
2555
1774
2184
1984
2425
1773
1863
2224
1914
