241
186
407
187
335
185
303
179
305
239
180
179
186
184
777
181
173
222
212
306
163
188
226
318
192
172
182
184
225
198
181
177
187
237
183
219
158
170
182
189
183
322
191
202
175
319
189
316
182
298
185
290
170
342
229
318
252
330
202
313
194
314
193
224
229
324
271
221
163
280
174
393
184
174
356
197
171
181
315
173
181
176
164
189
162
185
167
172
207
279
290
262
195
221
171
199
170
173
164
206
178
187
181
187
175
165
177
179
187
180
170
264
175
192
171
179
182
199
180
177
184
176
168
193
190
191
348
207
344
354
201
196
196
183
196
195
235
187
194
196
207
313
203
329
181
320
266
347
196
229
241
245
242
281
248
274
235
234
227
238
242
234
206
265
201
202
342
252
351
266
329
199
319
184
336
278
334
185
255
244
242
237
255
237
238
247
235
195
193
192
200
188
206
279
211
210
278
212
211
344
