198
179
181
188
290
225
353
304
303
209
297
337
237
323
307
301
210
177
313
339
361
294
303
175
316
341
226
354
229
186
221
164
187
177
194
180
250
182
184
184
182
214
300
302
240
355
319
342
232
228
192
350
187
190
197
331
205
202
190
197
350
224
309
255
190
318
222
196
225
185
313
226
328
225
184
346
190
211
327
312
308
237
183
184
216
185
304
205
190
181
303
232
308
200
177
238
185
369
244
224
226
335
310
237
336
325
315
208
242
324
172
216
345
219
200
327
205
197
262
353
340
355
268
215
350
404
233
210
201
337
250
347
258
260
205
248
347
343
344
309
311
225
252
350
360
244
204
177
355
351
224
209
181
199
353
201
223
201
352
253
349
346
363
353
353
345
203
199
203
249
192
191
385
219
367
345
333
252
334
322
187
373
254
354
197
215
184
204
293
255
383
197
179
310
357
214
187
202
193
203
