2194
2485
2174
1913
1984
1984
1793
2154
2194
2465
2605
2896
2164
2285
1923
2064
1693
2234
2314
1824
2405
2224
2354
2605
2094
2414
1903
2505
2154
2194
1913
2325
1943
1884
1753
2235
2204
1923
1813
1813
2084
2194
2825
2295
2274
2334
2234
1924
2124
2455
2254
2284
2054
1663
2024
2545
1763
2094
2445
2154
2004
1863
2044
2695
1763
2344
1853
1613
2164
2425
1874
2514
2444
2164
2104
2374
2385
1993
2384
2475
1943
1613
2315
1834
2465
1994
2235
2414
1943
2154
2024
3166
14748
1954
2134
2114
2514
2254
2024
2395
