282
217
293
298
239
266
294
227
287
220
174
304
183
190
238
215
293
349
220
288
308
176
295
294
300
229
174
180
215
186
179
168
292
306
338
306
199
313
300
307
276
331
386
285
316
334
171
310
211
288
320
197
298
302
234
174
308
180
293
294
318
170
318
158
757
164
170
292
325
211
307
314
251
284
221
187
224
233
317
195
184
175
298
302
294
252
175
285
292
221
279
269
339
187
203
197
315
206
180
194
292
287
316
183
218
308
322
275
220
307
330
208
308
320
229
292
306
274
207
299
297
326
185
239
205
349
257
365
296
337
245
346
337
242
237
323
337
278
276
204
249
249
336
282
319
331
244
328
332
183
325
328
252
221
216
343
267
244
332
330
203
319
213
261
356
352
226
327
335
266
338
342
220
347
332
249
196
199
321
248
204
210
323
195
341
333
237
338
356
325
316
342
254
319
318
367
263
340
335
240
