225
207
155
298
301
295
283
271
227
282
302
293
228
289
285
283
176
214
306
293
280
236
171
306
265
294
272
305
298
198
207
271
298
324
288
300
224
205
303
269
208
263
339
211
302
284
290
197
315
201
201
294
296
214
295
271
306
289
172
270
293
306
188
302
212
289
289
215
298
270
213
257
294
288
175
318
222
266
285
212
283
290
327
294
216
214
285
212
290
293
309
284
274
274
282
288
292
294
203
298
266
281
224
291
239
259
272
321
272
188
207
305
269
215
276
275
294
285
322
244
244
233
321
315
317
183
230
317
324
230
291
319
232
302
322
217
320
301
206
336
302
292
302
287
294
275
304
291
313
283
299
286
219
219
318
319
741
139
193
192
223
184
234
193
215
305
301
310
296
297
306
279
220
224
308
332
187
314
316
244
323
302
182
344
300
297
330
343
358
351
359
296
275
296
292
289
159
320
320
329
