1673
2475
1854
1934
2164
1593
2505
1813
1824
2034
1654
2335
2044
1703
2665
1733
1543
2134
2214
1804
1844
2004
1623
1723
1833
1983
2124
2384
1974
2033
2475
2124
2024
2264
2275
2235
2064
1934
2274
1724
1813
1844
1994
1934
2205
1954
1944
1904
2394
3226
2084
3246
2255
1483
2394
1894
1974
2284
2014
2054
1684
1924
2324
2204
1723
2675
1603
2225
1964
2355
2074
1984
2515
2395
2365
1834
1783
2244
2275
2084
2084
1904
2154
1874
2094
1833
1914
1573
1603
2194
1643
1673
2053
2104
2345
2414
2294
2134
2375
1603
