239
308
335
308
353
321
243
232
342
314
240
328
329
318
316
326
307
171
321
191
297
323
254
336
335
293
285
311
341
310
338
341
249
283
246
333
319
817
243
241
177
227
240
308
231
342
314
323
228
319
329
322
415
288
288
328
291
227
236
361
345
309
308
313
215
206
295
304
169
284
301
163
201
199
182
296
306
222
313
285
310
230
323
230
288
325
315
274
247
302
311
334
302
279
325
270
329
291
309
232
235
278
293
267
304
214
323
204
314
298
230
292
267
313
292
306
233
311
303
194
191
233
249
204
180
240
230
220
368
310
317
270
310
230
214
323
222
303
175
186
185
225
197
223
215
309
232
307
298
324
214
237
308
297
315
312
306
289
297
275
230
343
275
244
192
293
274
166
289
318
223
321
279
182
210
225
199
179
198
308
338
320
315
309
323
162
292
268
184
187
243
238
180
232
309
314
361
277
172
356
