1984
2214
2324
2405
1754
2775
2064
2585
2174
3146
2625
2565
2766
2696
2084
1903
2184
2434
2214
2595
2235
1944
2234
2134
2535
2584
2225
2515
1924
2535
2445
2625
2354
2365
1653
1673
2064
2184
2305
1973
1834
2825
2034
2535
2254
2365
2295
2394
1984
1683
2245
2104
2204
1914
1963
1904
2555
2505
2264
2294
2395
2174
2124
2675
1994
3026
2515
1734
2725
2295
2324
2074
2215
2344
2054
2524
1974
2184
2344
2485
2515
2354
2244
2535
2374
2525
2545
2565
1994
2696
1723
2415
2375
1984
2956
2495
2345
2575
2304
2324
