3306
2354
2154
2525
2174
2675
2124
2425
2285
2135
2465
2385
2014
2545
2024
2224
1974
1944
2524
2324
2395
2254
2765
1774
1643
2225
2605
1943
2635
2816
1954
2545
2635
2314
1793
2204
2454
2074
2315
2605
2575
2475
2445
2444
2235
2405
2485
2745
2625
2175
2415
3116
2154
2514
2455
2394
2555
2875
2485
2765
2104
2174
2374
1994
2284
2395
2334
2544
2224
2886
2394
2334
2324
2114
2545
2124
2305
2464
2404
2224
2585
2404
2926
2305
2424
2135
2946
1883
2474
2444
2084
2495
2716
2745
2364
2815
2345
2194
2445
2735
