431
281
280
341
541
471
321
1272
231
732
571
341
501
751
892
601
491
220
591
1112
381
912
351
1223
842
451
321
1082
632
1052
992
390
361
1113
241
431
621
340
431
632
721
441
1032
1663
211
661
1382
662
381
972
1042
241
972
691
1082
581
250
261
200
521
1102
641
791
1994
260
1172
401
220
421
1002
481
862
591
581
922
361
380
330
1022
541
842
541
641
240
641
932
271
220
722
351
932
441
722
401
701
250
1202
1563
651
230
240
471
982
972
261
231
772
331
200
661
471
912
290
531
340
190
922
190
1403
1984
