283
295
284
263
296
272
297
274
286
295
263
296
294
283
285
304
267
274
264
280
279
272
225
269
271
299
292
152
275
212
280
204
302
280
288
268
380
280
238
272
208
275
195
273
230
255
263
280
290
303
285
285
272
292
278
291
350
312
266
264
279
281
285
275
283
257
272
274
294
289
267
259
317
275
268
292
283
317
277
273
282
274
271
247
296
270
267
284
274
280
290
324
282
271
265
272
279
274
277
238
276
277
277
304
255
290
268
292
268
293
286
293
278
273
299
212
277
257
282
256
274
292
281
291
267
275
329
278
290
309
288
286
281
347
282
286
264
265
268
267
287
340
293
218
283
204
276
192
197
258
283
287
261
298
270
265
266
272
274
279
269
294
262
285
293
259
284
273
249
286
286
311
264
260
216
398
202
273
305
200
283
277
274
271
284
274
275
280
250
262
266
272
278
293
305
263
271
274
272
265
