1000 81.28 0.8128 90 100 100 graficos/avl/avl_best-100-1000.txt
2000 87.5 0.875 91 100 100 graficos/avl/avl_best-100-2000.txt
3000 98.52 0.9852 91 100 100 graficos/avl/avl_best-100-3000.txt
4000 97.46 0.9746 91 100 100 graficos/avl/avl_best-100-4000.txt
5000 95.12 0.9512 91 100 100 graficos/avl/avl_best-100-5000.txt
6000 102.65 1.0265 91 100 100 graficos/avl/avl_best-100-6000.txt
7000 99.88 0.9988 91 100 100 graficos/avl/avl_best-100-7000.txt
8000 100.68 1.0068 91 100 100 graficos/avl/avl_best-100-8000.txt
9000 95.81 0.9581 91 100 100 graficos/avl/avl_best-100-9000.txt
10000 99.79 0.9979 91 100 100 graficos/avl/avl_best-100-10000.txt
11000 93.29 0.9329 91 100 100 graficos/avl/avl_best-100-11000.txt
12000 102.1 1.021 91 100 100 graficos/avl/avl_best-100-12000.txt
13000 89.24 0.8924 90 100 100 graficos/avl/avl_best-100-13000.txt
14000 94.03 0.9403 91 100 100 graficos/avl/avl_best-100-14000.txt
15000 90.17 0.9017 91 100 100 graficos/avl/avl_best-100-15000.txt
16000 93.8 0.938 91 100 100 graficos/avl/avl_best-100-16000.txt
17000 87.94 0.8794 90 100 100 graficos/avl/avl_best-100-17000.txt
18000 92.69 0.9269 91 100 100 graficos/avl/avl_best-100-18000.txt
19000 92.37 0.9237 91 100 100 graficos/avl/avl_best-100-19000.txt
20000 90.87 0.9087 91 100 100 graficos/avl/avl_best-100-20000.txt
21000 98.57 0.9857 91 100 100 graficos/avl/avl_best-100-21000.txt
22000 92.88 0.9288 91 100 100 graficos/avl/avl_best-100-22000.txt
23000 92.49 0.9249 91 100 100 graficos/avl/avl_best-100-23000.txt
24000 95.39 0.9539 91 100 100 graficos/avl/avl_best-100-24000.txt
25000 90.8 0.908 91 100 100 graficos/avl/avl_best-100-25000.txt
26000 90.76 0.9076 91 100 100 graficos/avl/avl_best-100-26000.txt
27000 92.69 0.9269 91 100 100 graficos/avl/avl_best-100-27000.txt
28000 90.24 0.9024 91 100 100 graficos/avl/avl_best-100-28000.txt
29000 96.23 0.9623 91 100 100 graficos/avl/avl_best-100-29000.txt
30000 91.48 0.9148 91 100 100 graficos/avl/avl_best-100-30000.txt
31000 86.53 0.8653 91 100 100 graficos/avl/avl_best-100-31000.txt
32000 89.03 0.8903 91 100 100 graficos/avl/avl_best-100-32000.txt
33000 91.97 0.9197 91 100 100 graficos/avl/avl_best-100-33000.txt
34000 87.58 0.8758 91 100 100 graficos/avl/avl_best-100-34000.txt
35000 86.81 0.8681 91 100 100 graficos/avl/avl_best-100-35000.txt
36000 85.17 0.8517 91 100 100 graficos/avl/avl_best-100-36000.txt
37000 87.06 0.8706 91 100 100 graficos/avl/avl_best-100-37000.txt
38000 88.4 0.884 91 100 100 graficos/avl/avl_best-100-38000.txt
39000 83.71 0.8371 90 100 100 graficos/avl/avl_best-100-39000.txt
40000 88.49 0.8849 91 100 100 graficos/avl/avl_best-100-40000.txt
41000 85.67 0.8567 91 100 100 graficos/avl/avl_best-100-41000.txt
42000 85.6 0.856 91 100 100 graficos/avl/avl_best-100-42000.txt
43000 83.54 0.8354 91 100 100 graficos/avl/avl_best-100-43000.txt
44000 83.69 0.8369 91 100 100 graficos/avl/avl_best-100-44000.txt
45000 84.86 0.8486 91 100 100 graficos/avl/avl_best-100-45000.txt
46000 90.78 0.9078 91 100 100 graficos/avl/avl_best-100-46000.txt
47000 84.18 0.8418 91 100 100 graficos/avl/avl_best-100-47000.txt
48000 82.07 0.8207 91 100 100 graficos/avl/avl_best-100-48000.txt
49000 86.76 0.8676 91 100 100 graficos/avl/avl_best-100-49000.txt
50000 86.21 0.8621 91 100 100 graficos/avl/avl_best-100-50000.txt
51000 84.15 0.8415 91 100 100 graficos/avl/avl_best-100-51000.txt
52000 87.8 0.878 91 100 100 graficos/avl/avl_best-100-52000.txt
53000 85.61 0.8561 91 100 100 graficos/avl/avl_best-100-53000.txt
54000 85.99 0.8599 91 100 100 graficos/avl/avl_best-100-54000.txt
55000 87.55 0.8755 91 100 100 graficos/avl/avl_best-100-55000.txt
56000 91.72 0.9172 90 100 100 graficos/avl/avl_best-100-56000.txt
57000 87.52 0.8752 91 100 100 graficos/avl/avl_best-100-57000.txt
58000 89.58 0.8958 91 100 100 graficos/avl/avl_best-100-58000.txt
59000 85.32 0.8532 91 100 100 graficos/avl/avl_best-100-59000.txt
60000 87.6 0.876 91 100 100 graficos/avl/avl_best-100-60000.txt
61000 93.88 0.9388 91 100 100 graficos/avl/avl_best-100-61000.txt
62000 84.22 0.8422 91 100 100 graficos/avl/avl_best-100-62000.txt
63000 85.86 0.8586 91 100 100 graficos/avl/avl_best-100-63000.txt
64000 86.64 0.8664 91 100 100 graficos/avl/avl_best-100-64000.txt
65000 88.9 0.889 91 100 100 graficos/avl/avl_best-100-65000.txt
66000 90.93 0.9093 91 100 100 graficos/avl/avl_best-100-66000.txt
67000 93.06 0.9306 91 100 100 graficos/avl/avl_best-100-67000.txt
68000 86.21 0.8621 91 100 100 graficos/avl/avl_best-100-68000.txt
69000 85.78 0.8578 91 100 100 graficos/avl/avl_best-100-69000.txt
70000 87.26 0.8726 91 100 100 graficos/avl/avl_best-100-70000.txt
71000 88.72 0.8872 91 100 100 graficos/avl/avl_best-100-71000.txt
72000 86.15 0.8615 90 100 100 graficos/avl/avl_best-100-72000.txt
73000 85.76 0.8576 91 100 100 graficos/avl/avl_best-100-73000.txt
74000 83.85 0.8385 91 100 100 graficos/avl/avl_best-100-74000.txt
75000 85.81 0.8581 91 100 100 graficos/avl/avl_best-100-75000.txt
76000 86.8 0.868 91 100 100 graficos/avl/avl_best-100-76000.txt
77000 98.69 0.9869 91 100 100 graficos/avl/avl_best-100-77000.txt
78000 83.74 0.8374 91 100 100 graficos/avl/avl_best-100-78000.txt
79000 86.55 0.8655 91 100 100 graficos/avl/avl_best-100-79000.txt
80000 84.32 0.8432 91 100 100 graficos/avl/avl_best-100-80000.txt
81000 92.69 0.9269 91 100 100 graficos/avl/avl_best-100-81000.txt
82000 86.33 0.8633 91 100 100 graficos/avl/avl_best-100-82000.txt
83000 90.41 0.9041 91 100 100 graficos/avl/avl_best-100-83000.txt
84000 87.83 0.8783 91 100 100 graficos/avl/avl_best-100-84000.txt
85000 86.47 0.8647 91 110 100 graficos/avl/avl_best-100-85000.txt
86000 93.95 0.9395 90 100 100 graficos/avl/avl_best-100-86000.txt
87000 94.77 0.9477 91 100 100 graficos/avl/avl_best-100-87000.txt
88000 89.35 0.8935 91 100 100 graficos/avl/avl_best-100-88000.txt
89000 94.08 0.9408 91 100 100 graficos/avl/avl_best-100-89000.txt
90000 87.72 0.8772 91 100 100 graficos/avl/avl_best-100-90000.txt
91000 92.85 0.9285 91 100 100 graficos/avl/avl_best-100-91000.txt
92000 89.26 0.8926 91 100 100 graficos/avl/avl_best-100-92000.txt
93000 87.66 0.8766 91 100 100 graficos/avl/avl_best-100-93000.txt
94000 86.08 0.8608 91 100 100 graficos/avl/avl_best-100-94000.txt
95000 90.74 0.9074 91 100 100 graficos/avl/avl_best-100-95000.txt
96000 86.53 0.8653 91 100 100 graficos/avl/avl_best-100-96000.txt
97000 86.25 0.8625 91 100 100 graficos/avl/avl_best-100-97000.txt
98000 84.78 0.8478 91 100 100 graficos/avl/avl_best-100-98000.txt
99000 86.54 0.8654 91 100 100 graficos/avl/avl_best-100-99000.txt
100000 84.82 0.8482 91 100 100 graficos/avl/avl_best-100-100000.txt
