1162
300
351
521
1323
712
1603
1122
1182
1021
1413
902
1222
811
721
781
852
992
671
1032
972
681
551
461
961
2435
1553
1072
1072
501
1613
611
971
772
912
411
662
922
1032
1002
952
932
1362
822
701
882
470
661
812
1383
531
381
310
481
1854
951
1563
320
672
300
902
631
461
711
1332
310
1002
1282
1332
611
881
381
271
431
912
1203
1182
852
551
602
912
340
951
1313
441
832
882
611
641
1563
731
861
531
1633
391
881
851
1102
511
771
1423
541
390
682
751
842
1092
991
1032
632
1623
992
1092
661
571
1613
1222
1593
1212
1152
