235
222
197
189
305
221
251
291
194
187
189
237
200
198
336
196
182
196
334
197
238
200
190
213
185
187
191
191
190
195
199
191
197
198
191
189
179
191
183
184
194
192
193
197
200
193
190
190
201
197
198
183
192
202
195
236
186
206
192
197
185
205
190
194
191
179
177
254
199
205
176
186
198
254
236
211
193
177
190
178
182
224
204
182
165
181
185
166
178
171
188
166
181
287
176
305
217
188
177
195
184
196
312
186
249
238
181
191
190
315
176
291
190
269
218
227
218
229
227
234
221
218
212
223
229
213
249
305
221
209
220
227
229
338
183
203
239
408
241
282
200
209
380
199
382
262
408
266
314
224
386
306
388
229
357
220
292
263
259
274
264
253
251
299
252
275
261
250
257
270
238
258
204
351
219
221
328
216
254
267
266
273
279
210
199
211
202
213
331
218
358
181
392
263
222
264
273
276
222
259
