329
244
304
316
319
320
384
317
231
442
313
221
230
239
240
304
309
786
170
328
184
313
294
300
347
301
323
316
347
313
338
316
209
346
323
319
302
308
321
191
306
313
803
237
321
326
317
277
807
178
779
175
313
311
323
314
301
317
181
308
299
245
311
229
303
355
319
313
330
334
326
313
315
327
173
318
309
286
250
315
310
794
164
298
315
220
312
310
331
309
220
319
304
295
331
322
184
344
214
293
302
305
320
446
345
312
771
243
314
312
226
307
231
354
309
334
318
303
258
342
324
362
321
323
324
298
236
301
230
314
296
220
233
226
319
869
205
312
341
317
344
302
223
342
312
320
321
336
321
188
351
234
315
315
303
333
318
319
306
307
308
333
785
183
294
319
287
307
314
313
341
320
297
239
295
354
248
287
297
862
323
227
215
232
277
334
318
298
309
210
308
296
219
320
229
305
219
295
301
311
