982
341
862
451
1483
1232
531
330
591
741
761
1293
812
1072
771
601
461
711
802
661
1152
471
311
872
882
1082
591
931
772
952
641
1242
952
952
832
1182
1022
1042
822
491
261
1944
521
701
301
731
401
762
852
862
992
1222
851
3556
591
501
1052
531
872
791
911
1293
652
661
1182
631
1152
541
912
1032
921
1212
932
911
931
822
461
330
1022
1092
321
951
480
1212
310
351
782
1233
1412
1623
281
702
2124
872
1031
371
571
291
511
832
782
1312
1342
1152
992
240
331
831
1152
1012
441
300
951
672
631
1072
501
551
852
792
