1803
1724
1814
1393
1493
1843
1513
2565
2134
1944
1683
2004
1613
1723
1974
1924
1623
2084
1703
1583
2164
2945
2194
1934
2094
2004
1393
1953
2304
2094
1343
2064
2074
1973
1824
2344
1523
1613
2525
1833
1804
2455
1924
1804
2024
2024
2245
2134
1774
1573
2144
1823
2234
1543
2034
2004
1984
1884
1814
1954
2244
1863
2204
1984
1844
1843
1673
2054
2765
2034
2034
1844
1372
1603
1914
1834
1583
1964
2244
1953
1854
2275
1513
1814
1823
1853
1954
1944
1694
2084
1473
1743
1994
2024
2304
1994
1733
1863
2224
2104
