214
221
225
296
310
308
177
206
216
290
182
304
297
304
173
184
179
185
190
304
224
170
232
200
269
221
229
192
264
241
221
257
333
205
262
194
253
205
209
242
332
195
205
259
327
197
204
254
334
194
193
251
341
196
211
203
338
202
263
343
330
341
331
219
368
330
335
206
328
343
332
196
206
274
342
211
185
257
335
192
197
200
338
389
242
211
194
258
196
364
223
245
194
337
343
349
344
241
224
326
312
196
402
143
199
187
195
191
317
309
239
183
235
187
337
308
324
194
323
307
229
185
228
188
190
342
304
244
184
315
174
303
172
299
159
235
229
182
341
221
313
255
260
190
228
187
235
331
182
188
249
342
199
319
215
223
184
320
162
192
313
238
305
192
187
327
231
304
224
335
247
315
311
311
329
304
343
254
233
196
257
363
207
338
351
343
206
191
329
206
212
239
266
356
352
374
333
342
199
192
