223
185
328
187
222
262
210
185
294
266
230
180
284
318
321
172
176
191
295
297
202
231
362
175
222
173
187
299
218
317
222
307
215
195
299
170
194
243
227
186
190
175
223
185
223
186
185
173
180
159
170
191
187
191
192
176
215
199
193
343
242
204
236
217
243
257
346
199
243
201
245
330
201
217
246
330
212
315
325
195
320
170
276
310
171
203
222
202
250
197
252
208
201
193
269
202
231
234
250
199
231
326
250
187
200
251
330
201
318
322
327
302
200
189
215
331
202
199
205
213
238
357
232
203
255
186
196
189
349
368
186
194
340
357
321
187
320
346
231
238
196
234
312
194
192
244
324
182
309
327
328
184
308
317
323
202
312
326
316
190
322
324
313
184
193
228
319
185
187
328
175
317
235
181
230
336
189
303
316
321
190
306
310
193
312
252
256
182
189
194
256
195
183
180
305
198
176
181
235
180
