350
184
196
240
320
331
381
366
330
373
226
238
242
298
344
188
379
340
211
195
205
184
217
235
358
306
326
246
326
187
335
335
205
258
315
333
301
330
226
194
305
182
332
189
203
235
319
327
222
250
190
234
325
317
309
278
324
232
230
919
236
308
169
187
238
229
192
189
189
226
241
315
323
275
320
273
306
349
311
249
314
258
181
192
332
226
329
325
327
331
225
196
315
194
346
229
299
229
347
339
217
218
137
275
168
197
170
275
278
161
176
173
206
274
266
288
291
162
204
270
302
256
165
170
199
206
146
161
186
166
210
195
293
296
169
171
165
225
287
258
206
282
223
159
278
187
202
183
215
171
345
271
199
271
182
271
147
169
171
210
175
180
279
287
161
278
288
204
292
262
159
166
167
168
157
175
223
268
275
167
157
160
223
159
215
200
341
278
209
217
203
378
267
205
257
209
255
226
246
362
