299
242
343
340
197
193
240
194
333
176
343
314
315
227
236
323
318
196
297
332
235
322
326
313
216
311
184
298
315
340
210
224
340
317
232
353
328
284
307
324
334
299
202
313
285
250
329
284
274
313
328
317
329
315
277
328
275
320
333
241
328
281
232
274
280
340
317
321
316
250
334
237
315
241
582
325
316
284
289
278
314
231
205
325
232
311
796
688
243
240
189
191
250
185
254
179
185
231
324
310
286
310
324
291
182
321
329
339
328
318
186
204
780
235
310
337
327
280
263
255
294
201
329
324
266
382
271
191
280
226
278
193
283
249
276
273
287
272
278
264
282
205
206
328
287
273
184
281
251
287
275
161
262
250
203
289
183
292
286
287
277
280
183
201
267
271
678
126
331
169
259
173
274
150
289
260
687
281
285
213
271
257
204
259
282
256
275
283
272
271
253
279
287
279
262
269
273
293
277
279
