1492
1032
922
1233
1122
662
1623
732
1593
270
662
761
451
1021
291
501
1052
331
891
601
651
240
531
731
461
991
350
652
871
922
401
361
1072
911
1232
451
892
601
431
611
942
1072
1032
4789
992
481
561
891
411
491
851
440
1002
742
1102
762
991
1042
671
721
301
571
320
772
341
861
1152
611
591
652
1052
370
731
270
411
551
852
551
301
742
1142
952
1132
982
1082
912
822
881
1874
882
1122
572
621
461
531
1093
411
1934
441
341
661
971
752
1012
1143
841
952
822
871
1233
1252
461
931
461
731
1523
1212
1352
792
1082
