202
193
227
187
191
177
179
186
176
180
205
194
191
185
311
177
185
191
177
193
259
175
336
208
230
261
251
235
258
229
259
248
193
192
194
215
188
181
403
225
236
314
214
208
200
190
188
167
199
210
203
224
198
193
324
201
176
192
216
206
209
208
172
232
172
221
196
196
189
195
292
197
172
192
215
167
239
191
193
197
197
386
252
201
196
187
170
200
196
192
193
211
182
198
182
223
208
199
265
204
208
213
255
190
263
366
187
192
189
199
192
186
202
198
191
183
200
188
208
387
227
262
238
245
251
239
235
231
248
242
240
240
246
244
236
233
211
241
208
249
187
197
223
236
221
195
337
192
199
186
198
189
199
189
190
211
207
201
207
218
198
208
190
196
197
197
198
191
197
210
207
198
192
227
177
196
177
187
192
175
186
176
181
191
232
187
312
163
301
216
191
183
184
169
171
176
174
188
181
199
