1252
1543
1573
1914
2215
2205
1643
1142
1573
1834
2285
1693
1643
2214
1933
1653
2114
1953
1833
2154
1593
1754
1182
2234
1553
1764
1363
1783
3818
1743
2063
2415
2244
1784
1864
2695
2564
2635
2304
2003
1783
1874
1774
2434
2154
1984
1984
3136
1603
1583
1904
2415
2635
2205
1644
1894
2104
1844
1924
1874
1793
2134
1834
1483
1773
1563
1272
1914
2244
1874
2074
2094
1873
1694
1793
2375
1964
2595
2635
1864
2164
2014
2054
1724
2014
1984
1783
1784
1903
2104
1854
2034
1834
2144
1583
2024
2084
1913
1983
1883
