342
235
198
323
314
225
361
278
184
249
255
221
164
279
196
182
205
344
179
211
179
247
358
365
323
257
330
245
342
362
256
263
205
327
338
187
308
261
304
192
202
208
204
349
268
336
186
346
264
369
346
196
206
355
336
213
322
339
349
236
218
368
345
388
326
189
211
222
264
201
212
195
202
204
208
228
346
263
359
199
189
340
269
325
209
339
268
251
245
206
257
350
354
343
253
333
442
351
257
225
245
259
354
297
204
341
241
252
274
190
192
285
226
297
183
169
312
303
332
235
299
228
296
161
305
282
319
333
293
316
299
215
308
193
180
177
310
319
219
293
181
290
179
329
219
305
314
288
295
220
186
219
211
213
302
181
178
173
182
316
293
304
227
307
272
188
170
300
214
291
180
181
298
181
173
178
309
225
290
229
300
312
168
185
182
192
193
181
176
184
357
305
235
225
181
228
193
306
305
162
