1313
1242
1072
1402
1132
2204
1583
1372
2264
1333
1973
2074
1533
1483
1593
2074
1253
1603
1332
1623
1773
1202
1323
1673
1753
1462
1673
1693
1513
2244
1683
1613
1363
1643
1733
2054
1894
2014
1433
1153
1643
1754
1603
2244
1643
1794
1974
2244
2024
2024
1232
1633
1482
2084
1222
1463
1984
1944
1312
1593
1362
1483
2165
1493
1393
2144
1353
1683
2525
1473
1412
1964
1773
1363
1603
1683
1513
1673
1783
1273
1513
1493
1212
1854
1754
1704
1393
1512
1563
1342
1613
1513
1663
2394
1774
1433
1683
1553
1493
1423
