296
350
289
197
297
275
263
268
204
208
269
252
271
304
221
227
189
208
325
258
309
300
276
308
259
285
280
225
310
243
286
251
290
255
422
273
249
160
301
253
278
289
200
321
269
265
266
231
289
265
339
289
170
300
296
300
280
212
291
285
309
269
277
339
163
278
255
302
273
285
260
278
228
267
217
320
190
290
186
252
288
299
284
220
259
207
290
289
228
301
186
292
200
268
208
270
300
355
313
287
343
302
196
671
205
283
236
262
296
313
255
242
272
267
297
273
192
255
264
185
255
263
223
285
272
668
279
206
304
222
250
258
317
188
282
204
263
317
199
297
267
252
283
271
272
224
275
206
285
305
196
242
210
290
308
221
212
203
207
261
286
296
270
211
285
305
274
274
271
325
291
261
294
252
364
315
282
271
321
262
303
262
275
364
281
279
293
315
263
254
276
279
282
252
301
273
290
323
293
275
