274
286
285
289
214
272
285
203
219
275
290
277
293
368
419
260
319
373
353
342
359
344
394
269
250
335
387
250
248
342
351
246
254
329
333
209
197
199
254
404
332
328
338
339
242
335
363
354
347
342
333
364
320
335
344
356
347
277
241
329
329
334
362
346
254
347
351
244
333
340
254
344
257
302
367
205
362
339
339
350
248
343
370
341
332
352
244
361
380
246
254
371
348
249
344
350
217
363
340
319
376
238
353
338
253
239
334
357
218
203
195
252
203
364
376
255
360
352
193
194
206
262
232
336
236
388
333
213
197
192
265
341
384
343
361
344
354
329
242
328
334
350
242
252
354
250
331
355
348
331
208
330
351
242
366
330
253
246
343
343
255
253
354
332
248
258
324
367
205
215
255
251
332
355
180
299
294
234
297
291
288
293
295
219
213
293
223
242
295
302
285
288
294
213
283
286
295
315
216
224
