652
411
842
1343
411
1213
661
351
621
662
1383
261
321
1112
631
872
531
281
341
461
972
281
631
481
1503
1022
300
210
732
882
541
231
681
291
210
421
1001
671
1203
260
501
280
672
891
792
891
692
421
311
341
852
301
310
1213
611
401
410
691
1042
792
471
632
642
450
1152
1001
941
902
380
761
1042
871
611
601
291
661
351
1373
371
721
962
591
1092
892
581
460
1082
391
761
561
701
521
861
741
1182
1163
281
421
561
1532
842
1242
390
852
842
1032
1092
361
441
801
992
251
1082
992
280
721
731
341
380
1072
