206
179
278
220
163
192
300
156
213
178
186
171
281
432
215
306
172
169
173
179
185
287
286
288
297
280
294
173
287
236
308
301
213
220
180
283
303
208
286
308
295
304
280
159
193
225
302
179
206
299
177
192
187
171
183
294
291
300
176
201
188
291
278
165
333
299
302
176
308
296
290
168
162
294
286
328
212
194
323
337
322
172
195
320
343
330
194
186
326
327
347
196
198
330
374
311
171
187
193
246
322
380
316
171
253
326
196
195
244
244
325
249
222
189
220
320
351
203
341
317
207
197
192
239
187
250
334
193
237
190
201
251
323
206
252
323
199
335
320
347
197
193
338
319
330
207
191
333
347
342
242
240
241
250
192
197
180
187
317
322
360
198
209
352
368
343
216
358
347
349
354
215
195
259
187
246
236
199
326
178
342
191
373
355
332
374
200
206
368
173
248
201
233
323
194
332
326
185
195
330
