290
264
270
303
254
311
296
330
289
294
208
275
198
274
214
242
256
302
280
283
282
269
271
293
292
285
281
282
279
270
205
295
306
272
184
250
205
260
200
203
273
267
259
290
273
308
270
280
272
299
270
266
272
287
258
277
287
325
265
267
274
274
299
340
278
211
286
296
270
274
269
258
275
280
275
281
265
285
253
306
352
280
256
259
302
278
282
295
271
269
290
263
285
278
252
292
268
282
288
297
274
270
286
268
268
292
240
277
284
273
278
273
264
236
290
271
272
290
275
349
279
267
257
273
292
187
206
290
255
206
224
258
290
260
291
296
278
305
277
273
277
266
256
257
287
275
282
293
258
289
276
287
255
191
281
212
295
207
266
268
306
270
283
273
274
283
268
280
296
287
271
275
263
287
276
282
261
270
269
281
280
268
273
276
293
251
278
268
290
261
235
293
226
203
187
209
289
225
205
279
