2465
1492
1883
1543
2174
2295
1633
1513
2635
1814
2554
1913
1904
1963
2134
2284
2294
1843
2304
2244
1824
1563
1663
1683
2305
1974
1823
1794
1583
2444
1653
1463
2205
1493
1563
2314
1573
1784
2164
1583
2375
2324
1633
1723
1863
1943
2324
2014
1933
2314
2034
1804
1753
1693
1863
1393
1834
1774
1864
2234
1954
2164
1844
1563
1774
1894
2164
1994
2214
2064
1663
1994
1904
2054
1703
1924
1703
1753
1764
1913
1573
1934
2194
1673
2104
1894
1423
1443
1814
2043
1974
1773
2044
1693
1512
2194
2424
1603
1964
2394
