310
322
295
217
244
287
223
752
204
320
305
327
227
213
306
220
279
219
395
303
306
277
214
235
337
208
295
307
280
288
304
326
284
213
297
376
212
248
286
309
209
348
314
319
319
295
323
214
339
305
335
334
319
309
219
315
324
341
300
317
287
217
303
332
252
284
331
287
284
209
300
321
175
309
303
317
286
291
252
332
256
427
287
326
335
253
225
335
310
235
347
224
306
179
294
317
320
325
232
337
335
327
335
319
230
308
318
230
305
322
366
226
266
327
227
357
329
310
329
325
236
336
308
305
245
306
301
305
318
181
297
324
337
340
295
293
240
229
246
340
292
299
167
307
348
293
359
302
287
321
310
237
309
313
169
287
287
298
334
220
231
327
305
477
242
297
326
289
240
337
176
333
327
318
221
290
350
240
321
326
231
226
337
236
330
557
234
220
321
310
228
321
315
245
320
304
305
251
234
315
