2174
2465
2204
2385
2454
2835
2365
1804
2154
2474
2384
2344
1904
2244
2334
2675
2465
2615
1923
2244
1813
2175
2415
3236
1954
1753
1784
2815
1904
1884
2254
1964
2264
2545
2154
2535
1753
2786
2475
2074
2345
2395
2485
2435
2655
2295
2926
2134
2304
2204
2455
2454
2184
3206
1863
2344
1943
2264
2355
2054
2174
2184
2835
2174
2174
2184
1873
2094
1963
2224
2625
2314
2544
2395
1904
2775
2605
3227
2364
2275
2124
1753
3297
2154
2835
1863
2304
2144
1964
2355
2315
2054
2414
2545
2064
1943
2184
1873
2495
3577
