631
321
341
331
501
871
1072
1002
741
891
822
531
1062
842
1212
1933
1253
230
211
250
501
391
1192
250
591
651
591
651
200
311
1543
771
1252
561
371
1202
1142
701
621
661
341
200
240
821
421
681
1383
521
311
732
591
551
240
501
661
1172
1413
651
1803
430
310
661
551
921
551
591
1243
581
500
501
451
341
581
411
271
1132
922
762
241
651
1072
201
280
1823
611
1193
551
2124
1002
461
270
661
1062
1052
461
410
782
211
811
260
461
260
381
612
241
942
411
52869
221
460
1132
892
872
1232
511
471
221
922
751
1623
