421
241
330
311
461
1603
631
802
601
941
882
1142
1283
681
842
862
1042
500
591
1273
982
831
871
1072
741
1522
772
381
1093
921
431
802
2575
1273
1222
942
380
921
881
1052
551
541
662
782
921
1193
591
972
851
1032
942
1263
881
1112
1253
1573
1673
1022
1022
982
1293
671
782
1382
631
952
751
1032
992
782
641
1172
601
1152
942
972
1382
942
802
1092
1393
1032
942
1062
641
461
1413
431
1072
561
511
791
1122
711
701
1582
1243
611
951
861
1082
1392
691
1653
1242
1382
902
712
1072
892
882
390
922
912
661
622
1403
551
561
652
