329
291
322
313
311
228
329
228
216
296
326
338
313
212
338
222
287
290
296
303
307
287
282
726
277
226
216
203
217
223
204
317
290
336
301
223
338
230
319
218
287
301
217
283
303
244
282
315
290
221
303
332
290
335
307
221
311
289
253
285
304
290
290
326
221
219
221
281
222
282
279
288
313
306
235
221
222
208
303
280
286
279
217
316
227
391
310
295
360
199
331
360
297
245
289
210
287
298
308
278
311
276
316
288
217
335
236
323
308
301
311
277
281
337
310
318
313
315
286
302
306
313
228
294
224
210
311
325
263
316
217
226
199
218
235
322
305
293
236
300
237
287
211
295
210
349
295
326
312
314
300
334
288
291
302
323
301
323
211
291
218
317
274
301
288
275
206
329
284
309
213
316
219
327
274
360
292
305
344
315
301
272
311
225
235
209
219
277
291
273
288
306
313
286
310
300
333
277
313
318
