2284
2425
1924
2184
1773
37041
2505
2545
1824
1593
1533
2795
2394
1713
2023
1984
2245
2184
2465
2525
2204
2304
2214
2314
1864
2525
1653
1833
1673
2224
1603
3006
2274
1463
2194
2024
2185
1082
1834
1834
2104
1814
1684
1613
2155
2134
1794
1523
1914
2355
2425
1753
2304
2164
2785
1863
2004
1934
2445
2334
1964
2384
1774
2245
2214
2104
1903
2264
1874
2164
2214
2044
2344
2285
2445
2615
2485
1974
2425
2455
2084
2304
1733
2425
1883
2164
2655
2034
1874
2214
2374
2635
1733
1904
2074
2214
1743
1914
1994
1933
