299
298
305
240
290
279
271
194
218
203
204
239
265
183
267
187
230
281
277
304
280
262
255
261
277
507
271
283
261
262
268
290
222
255
277
257
271
246
262
273
290
278
282
273
256
270
261
258
269
259
262
264
276
266
343
255
270
269
272
269
270
260
255
269
265
260
260
256
267
266
262
250
308
289
277
300
270
278
257
267
343
291
289
271
204
259
201
246
280
282
263
274
249
311
267
273
263
262
276
285
279
241
270
204
299
302
197
215
278
261
281
261
261
267
246
263
245
262
257
261
250
260
246
229
243
263
252
256
257
262
272
252
242
258
253
256
254
256
271
263
248
284
253
214
248
247
246
251
241
260
261
248
250
254
245
249
252
244
261
255
240
249
244
262
248
256
253
243
246
258
273
252
241
250
250
251
254
254
249
267
244
245
274
247
252
249
244
268
258
249
267
260
244
252
261
256
244
254
256
262
