741
371
491
962
741
1072
440
722
1292
881
942
1613
1192
1452
1162
872
1112
1723
692
1353
1002
1002
921
1744
922
902
1542
982
1002
791
1242
861
912
961
721
642
451
1162
892
1363
851
922
1252
1142
912
1203
1212
1102
1743
831
901
1824
972
942
1163
1322
1002
1813
812
932
501
952
1102
571
440
692
962
1974
1072
1242
1152
1002
1322
1022
891
621
671
942
371
1102
922
170
351
881
1052
1433
230
361
1022
511
942
681
1092
1353
421
541
1082
992
952
361
1082
1312
1212
441
1122
431
571
802
891
922
651
652
961
822
1192
882
842
1173
971
1293
