218
189
178
224
308
199
263
466
236
196
311
206
248
328
178
179
329
190
375
193
326
185
180
217
361
254
185
218
312
221
187
221
370
235
182
226
308
232
181
322
170
309
203
202
183
242
309
206
193
187
312
321
247
192
304
177
244
334
190
241
223
325
176
196
236
306
230
180
329
286
185
230
315
186
185
179
322
336
315
199
136
166
158
133
130
165
226
132
220
125
248
114
132
157
229
131
139
158
236
136
236
131
168
140
223
122
171
130
132
242
118
164
219
139
135
164
211
210
184
131
223
127
240
103
139
179
230
135
219
177
157
132
257
103
130
173
134
224
122
222
110
160
232
169
137
163
231
141
132
133
158
130
164
191
167
156
173
172
149
299
225
220
286
279
295
222
300
196
162
289
191
209
211
214
300
240
171
176
167
376
171
264
405
192
172
337
171
287
198
177
205
187
180
230
284
258
173
220
186
236
