254
351
251
222
333
361
232
241
206
209
229
340
316
338
188
188
315
339
312
310
161
315
295
320
308
157
298
310
310
307
220
306
296
308
286
154
322
308
313
329
205
301
358
226
183
305
309
226
286
213
203
219
231
294
205
255
186
226
297
178
223
228
307
222
249
185
232
304
301
303
193
301
307
236
190
306
301
205
267
211
300
164
179
155
300
303
271
216
355
194
323
253
239
287
196
184
235
199
265
300
142
162
177
151
296
302
305
227
315
198
367
312
182
359
315
275
161
266
224
276
169
185
306
275
282
360
313
242
222
237
187
195
309
316
288
187
186
185
234
304
190
182
196
234
327
303
332
202
308
232
318
184
306
307
304
314
179
302
308
333
305
152
319
300
308
310
167
182
310
311
306
318
289
295
185
300
295
236
306
309
233
229
228
309
300
181
305
297
244
191
182
310
222
194
327
181
184
308
305
256
