2475
2314
2244
2966
2836
2675
2855
2385
2455
1723
2054
2855
2194
2675
1924
2014
2284
1994
2385
2114
2285
2594
2074
2295
3096
2365
2625
2465
1793
2104
2875
2755
2344
2274
2695
2074
2695
2184
2795
2665
2225
2425
2525
2335
2575
2505
2495
2325
2214
2364
2916
2054
2565
1964
2775
2595
2756
2625
2204
2695
2605
2124
2194
2064
1874
2264
2415
2224
1843
2154
2435
2385
2625
2354
2134
2445
2575
2464
2044
2575
2645
2234
2154
2504
1874
2685
2003
2665
2625
2144
2504
2454
2565
2395
2364
2335
2514
2355
2575
1624
