1000 152.7 1.527 270 130 100 graficos/avl/avl_worst-100-1000.txt
2000 183.79 1.8379 471 140 100 graficos/avl/avl_worst-100-2000.txt
3000 267.02 2.6702 922 150 100 graficos/avl/avl_worst-100-3000.txt
4000 315.46 3.1546 941 1002 100 graficos/avl/avl_worst-100-4000.txt
5000 398.97 3.9897 882 1002 100 graficos/avl/avl_worst-100-5000.txt
6000 463.6 4.636 952 1022 100 graficos/avl/avl_worst-100-6000.txt
7000 537.14 5.3714 942 1012 100 graficos/avl/avl_worst-100-7000.txt
8000 604.16 6.0416 992 1062 100 graficos/avl/avl_worst-100-8000.txt
9000 745 7.45 972 1022 100 graficos/avl/avl_worst-100-9000.txt
10000 716.01 7.1601 992 1001 100 graficos/avl/avl_worst-100-10000.txt
11000 844.49 8.4449 982 1002 100 graficos/avl/avl_worst-100-11000.txt
12000 816.87 8.1687 992 1092 100 graficos/avl/avl_worst-100-12000.txt
13000 847.43 8.4743 992 1002 100 graficos/avl/avl_worst-100-13000.txt
14000 847.72 8.4772 991 1002 100 graficos/avl/avl_worst-100-14000.txt
15000 864.46 8.6446 992 1012 100 graficos/avl/avl_worst-100-15000.txt
16000 1276.13 12.7613 992 1022 100 graficos/avl/avl_worst-100-16000.txt
17000 901.15 9.0115 992 1012 100 graficos/avl/avl_worst-100-17000.txt
18000 1056.23 10.5623 992 1002 100 graficos/avl/avl_worst-100-18000.txt
19000 999.01 9.9901 992 1002 100 graficos/avl/avl_worst-100-19000.txt
20000 1032.15 10.3215 992 1012 100 graficos/avl/avl_worst-100-20000.txt
21000 998.89 9.9889 992 1002 100 graficos/avl/avl_worst-100-21000.txt
22000 1089.71 10.8971 992 1002 100 graficos/avl/avl_worst-100-22000.txt
23000 1051.02 10.5102 992 1002 100 graficos/avl/avl_worst-100-23000.txt
24000 1069.13 10.6913 992 1012 100 graficos/avl/avl_worst-100-24000.txt
25000 1191.19 11.9119 992 1012 100 graficos/avl/avl_worst-100-25000.txt
26000 1083.9 10.839 982 1002 100 graficos/avl/avl_worst-100-26000.txt
27000 1106.03 11.0603 952 1011 100 graficos/avl/avl_worst-100-27000.txt
28000 1154.74 11.5474 992 1002 100 graficos/avl/avl_worst-100-28000.txt
29000 1245.35 12.4535 992 1022 100 graficos/avl/avl_worst-100-29000.txt
30000 1410.53 14.1053 992 1002 100 graficos/avl/avl_worst-100-30000.txt
31000 1204.9 12.049 972 1002 100 graficos/avl/avl_worst-100-31000.txt
32000 1538.33 15.3833 2434 1012 100 graficos/avl/avl_worst-100-32000.txt
33000 1358.04 13.5804 992 1001 100 graficos/avl/avl_worst-100-33000.txt
34000 1441.77 14.4177 962 1012 100 graficos/avl/avl_worst-100-34000.txt
35000 1467.67 14.6767 992 1022 100 graficos/avl/avl_worst-100-35000.txt
36000 1497.64 14.9764 942 1012 100 graficos/avl/avl_worst-100-36000.txt
37000 1631.32 16.3132 982 982 100 graficos/avl/avl_worst-100-37000.txt
38000 1642.42 16.4242 2525 1072 100 graficos/avl/avl_worst-100-38000.txt
39000 1542.12 15.4212 962 1032 100 graficos/avl/avl_worst-100-39000.txt
40000 1687.32 16.8732 2465 1002 100 graficos/avl/avl_worst-100-40000.txt
41000 1642.09 16.4209 3116 1052 100 graficos/avl/avl_worst-100-41000.txt
42000 1695.44 16.9544 2815 1122 100 graficos/avl/avl_worst-100-42000.txt
43000 1733.41 17.3341 2645 1162 100 graficos/avl/avl_worst-100-43000.txt
44000 1739.59 17.3959 2425 1232 100 graficos/avl/avl_worst-100-44000.txt
45000 1763.32 17.6332 2555 1132 100 graficos/avl/avl_worst-100-45000.txt
46000 1757.41 17.5741 3126 1243 100 graficos/avl/avl_worst-100-46000.txt
47000 1822.92 18.2292 3326 1112 100 graficos/avl/avl_worst-100-47000.txt
48000 1844.21 18.4421 2705 1132 100 graficos/avl/avl_worst-100-48000.txt
49000 1884.76 18.8476 3046 1162 100 graficos/avl/avl_worst-100-49000.txt
50000 1803.37 18.0337 962 962 100 graficos/avl/avl_worst-100-50000.txt
51000 2048.38 20.4838 4008 1283 100 graficos/avl/avl_worst-100-51000.txt
52000 1851.71 18.5171 2846 1383 100 graficos/avl/avl_worst-100-52000.txt
53000 1926.31 19.2631 2945 1343 100 graficos/avl/avl_worst-100-53000.txt
54000 1917.01 19.1701 2635 1393 100 graficos/avl/avl_worst-100-54000.txt
55000 1932.03 19.3203 3236 1293 100 graficos/avl/avl_worst-100-55000.txt
56000 1867.76 18.6776 2605 1112 100 graficos/avl/avl_worst-100-56000.txt
57000 1961.88 19.6188 3818 1142 100 graficos/avl/avl_worst-100-57000.txt
58000 2056.09 20.5609 3246 1483 100 graficos/avl/avl_worst-100-58000.txt
59000 1978.94 19.7894 3307 1362 100 graficos/avl/avl_worst-100-59000.txt
60000 2054.08 20.5408 3026 1433 100 graficos/avl/avl_worst-100-60000.txt
61000 2050.19 20.5019 3747 1333 100 graficos/avl/avl_worst-100-61000.txt
62000 2033.38 20.3338 2655 1143 100 graficos/avl/avl_worst-100-62000.txt
63000 2065.24 20.6524 3126 1433 100 graficos/avl/avl_worst-100-63000.txt
64000 2144.68 21.4468 3076 1413 100 graficos/avl/avl_worst-100-64000.txt
65000 2065.12 20.6512 2905 1433 100 graficos/avl/avl_worst-100-65000.txt
66000 2045.15 20.4515 2695 1453 100 graficos/avl/avl_worst-100-66000.txt
67000 2091.95 20.9195 3146 1492 100 graficos/avl/avl_worst-100-67000.txt
68000 2057.2 20.572 2905 1532 100 graficos/avl/avl_worst-100-68000.txt
69000 2111.97 21.1197 2946 1453 100 graficos/avl/avl_worst-100-69000.txt
70000 2516.45 25.1645 39515 1492 100 graficos/avl/avl_worst-100-70000.txt
71000 2161.3 21.613 3768 1272 100 graficos/avl/avl_worst-100-71000.txt
72000 2165.53 21.6553 3246 1523 100 graficos/avl/avl_worst-100-72000.txt
73000 2215.81 22.1581 3386 1222 100 graficos/avl/avl_worst-100-73000.txt
74000 2207.43 22.0743 3016 1323 100 graficos/avl/avl_worst-100-74000.txt
75000 2261.16 22.6116 3326 1703 100 graficos/avl/avl_worst-100-75000.txt
76000 2297.39 22.9739 3166 14748 100 graficos/avl/avl_worst-100-76000.txt
77000 2454.31 24.5431 37041 1082 100 graficos/avl/avl_worst-100-77000.txt
78000 2305.49 23.0549 3907 1753 100 graficos/avl/avl_worst-100-78000.txt
79000 2282.62 22.8262 4028 1393 100 graficos/avl/avl_worst-100-79000.txt
80000 2245.22 22.4522 3617 1252 100 graficos/avl/avl_worst-100-80000.txt
81000 2314.47 23.1447 3577 1753 100 graficos/avl/avl_worst-100-81000.txt
82000 2302.9 23.029 3396 1693 100 graficos/avl/avl_worst-100-82000.txt
83000 2256.22 22.5622 3447 1473 100 graficos/avl/avl_worst-100-83000.txt
84000 2279.08 22.7908 3347 1694 100 graficos/avl/avl_worst-100-84000.txt
85000 2328.19 23.2819 3507 1543 100 graficos/avl/avl_worst-100-85000.txt
86000 2301.74 23.0174 3146 1653 100 graficos/avl/avl_worst-100-86000.txt
87000 2307.35 23.0735 3086 1693 100 graficos/avl/avl_worst-100-87000.txt
88000 2630.41 26.3041 4078 1744 100 graficos/avl/avl_worst-100-88000.txt
89000 2299.56 22.9956 3166 1603 100 graficos/avl/avl_worst-100-89000.txt
90000 2351.4 23.514 3146 1713 100 graficos/avl/avl_worst-100-90000.txt
91000 2281.6 22.816 3256 1573 100 graficos/avl/avl_worst-100-91000.txt
92000 2386.25 23.8625 3096 1624 100 graficos/avl/avl_worst-100-92000.txt
93000 2320.99 23.2099 3106 1573 100 graficos/avl/avl_worst-100-93000.txt
94000 2341.66 23.4166 3457 1563 100 graficos/avl/avl_worst-100-94000.txt
95000 2489.63 24.8963 3486 1522 100 graficos/avl/avl_worst-100-95000.txt
96000 2358.15 23.5815 3216 1493 100 graficos/avl/avl_worst-100-96000.txt
97000 2341.16 23.4116 2986 1744 100 graficos/avl/avl_worst-100-97000.txt
98000 2388.74 23.8874 3306 1643 100 graficos/avl/avl_worst-100-98000.txt
99000 2351.64 23.5164 3116 1603 100 graficos/avl/avl_worst-100-99000.txt
100000 2454.2 24.542 4529 1823 100 graficos/avl/avl_worst-100-100000.txt
