301
171
184
294
177
176
294
166
173
195
298
348
172
176
295
169
296
287
319
147
298
209
233
279
273
171
301
300
177
294
356
289
194
287
303
216
228
306
688
166
172
216
209
289
310
199
218
212
325
205
175
212
203
292
172
173
191
336
193
194
324
195
326
320
220
245
389
336
225
316
197
199
316
314
300
347
342
202
191
820
348
197
336
334
328
187
340
330
299
311
216
195
340
202
224
331
335
214
199
207
340
336
334
197
290
347
212
365
300
302
202
348
343
255
287
355
757
171
200
856
337
861
168
245
301
305
345
218
251
347
326
256
347
334
181
254
343
328
223
333
267
348
198
196
340
331
248
290
229
196
200
343
327
258
287
247
214
335
325
336
247
204
335
193
226
240
177
283
279
214
234
209
170
172
307
289
212
274
226
171
282
166
192
315
176
182
292
285
212
288
295
218
227
205
282
216
173
285
176
188
