277
143
293
174
170
179
176
169
176
214
159
229
293
308
214
295
226
292
278
224
211
205
300
307
280
281
211
280
162
157
230
220
159
298
214
180
310
174
309
204
164
162
292
166
168
175
204
205
171
286
296
227
208
285
306
223
226
224
171
173
282
293
216
300
209
217
299
289
312
220
282
172
194
167
169
170
228
266
310
301
219
260
267
289
236
374
254
353
275
245
222
251
247
268
213
205
202
262
343
353
357
350
352
360
264
371
205
265
254
354
207
206
346
236
346
257
350
264
258
341
353
259
344
208
212
263
270
213
348
357
212
214
298
257
344
466
256
356
276
203
388
265
419
250
188
255
258
193
343
348
261
353
210
199
216
269
222
335
229
270
375
357
343
253
349
211
186
366
222
384
224
252
214
204
208
194
232
231
186
196
389
199
333
307
308
324
307
228
310
239
165
312
282
231
336
185
170
181
175
185
