223
129
228
193
295
201
179
210
220
295
146
292
164
154
172
278
132
176
367
289
291
296
257
186
167
168
279
263
290
153
297
222
278
189
300
150
208
172
170
185
176
200
288
180
174
165
304
142
175
212
175
179
294
300
303
217
285
296
174
188
192
202
190
202
240
377
228
176
325
327
224
341
320
299
170
221
331
323
330
202
190
179
239
318
300
248
170
216
216
206
241
203
341
206
225
324
302
324
188
328
325
327
189
204
191
194
342
327
192
339
232
350
246
183
196
203
189
217
195
197
242
238
334
353
238
354
249
196
255
196
249
332
208
195
195
201
190
338
349
232
307
254
189
181
222
199
194
188
198
180
163
207
198
330
243
332
335
246
340
235
352
196
247
307
173
196
232
177
274
319
301
313
233
330
234
336
189
177
183
216
175
181
335
175
260
294
202
204
194
217
314
174
192
183
199
185
187
234
185
212
