294
173
285
161
168
149
359
202
169
164
164
273
207
211
169
241
256
198
195
199
309
269
197
654
165
269
287
219
192
166
206
264
260
246
285
207
168
285
341
175
275
197
270
165
170
276
151
161
153
162
288
250
168
146
164
283
207
273
248
156
169
182
164
164
278
267
198
200
169
171
233
279
335
285
240
284
273
285
155
276
214
270
196
396
177
208
283
276
196
186
162
224
162
202
358
379
341
385
267
273
381
212
211
353
344
363
266
211
217
225
209
212
209
208
189
211
216
212
349
380
259
231
197
385
344
265
288
372
274
349
331
307
264
375
282
356
335
338
267
320
221
359
325
194
317
235
321
251
237
357
261
369
212
201
183
188
356
260
357
284
212
445
354
377
236
220
215
344
353
261
267
212
261
359
357
348
255
384
212
209
216
367
387
365
371
257
353
145
153
153
168
147
153
150
152
239
239
165
227
196
