1583
1914
1934
2024
2495
2545
1803
2805
2074
2074
3447
2244
1613
1623
1934
2334
2404
2094
1823
2335
2064
2605
2575
2334
2685
2445
1893
2225
1674
2034
2795
1974
2304
2094
2335
2254
2144
1913
2625
2464
2105
2154
2335
2345
1683
1834
1954
2054
2735
1994
2165
2295
2184
2956
1864
2354
2545
2585
2886
1843
2414
2615
2264
1844
2214
1473
2595
2274
2164
2335
1803
1733
2124
1663
2605
2535
2354
2565
2134
2845
2565
2605
2074
2455
2915
1883
2194
2144
2735
2244
2174
2645
2996
2284
2225
2305
2715
2165
2004
2334
