294
244
269
222
285
214
205
199
310
200
291
202
210
287
313
285
312
291
293
280
285
278
292
307
286
306
294
280
293
291
300
284
236
285
218
341
210
299
277
347
307
283
277
325
378
307
280
285
291
306
291
275
285
311
320
282
291
299
385
300
289
282
312
219
296
217
296
197
273
219
301
286
288
189
319
213
310
213
274
287
293
309
284
290
271
278
312
278
307
291
291
298
298
294
279
222
294
314
293
285
274
216
273
229
305
214
273
279
318
289
274
261
322
272
204
294
202
282
282
298
293
292
275
294
300
293
298
293
299
277
278
293
292
294
297
303
294
282
284
276
300
286
301
301
279
293
287
293
305
295
286
293
286
279
300
293
283
279
284
303
276
167
296
218
289
303
214
309
218
306
222
210
291
215
208
296
210
296
283
293
216
304
295
288
286
285
216
271
211
305
221
294
313
307
297
288
292
294
288
297
