282
273
253
260
268
211
201
257
205
258
186
264
180
275
257
204
226
283
250
158
344
194
236
276
271
245
253
192
274
275
262
264
271
275
204
263
272
192
348
243
262
325
212
205
205
196
276
261
272
271
197
208
205
201
259
261
388
260
252
283
277
267
192
277
195
204
292
185
268
197
275
260
331
284
272
262
276
254
192
275
189
204
252
211
261
179
244
189
245
253
269
260
285
266
299
214
208
196
193
259
247
240
192
283
214
349
282
263
269
235
239
288
210
287
212
194
257
260
281
216
282
200
296
265
206
262
184
277
197
255
270
273
274
261
279
262
245
261
283
250
270
186
200
250
188
195
278
274
270
212
213
204
214
261
265
263
176
258
199
236
275
213
264
207
201
247
262
252
169
228
192
242
298
198
259
205
202
289
182
258
170
265
199
254
244
272
208
251
364
239
258
186
325
268
260
159
258
187
307
279
