902
241
1433
992
1092
1333
631
1132
331
260
1072
240
521
762
481
1492
371
941
982
1112
431
741
751
851
1312
751
450
281
1703
340
831
1052
1363
1563
732
812
972
701
270
311
671
681
1132
551
1233
291
1001
1683
1152
460
862
661
241
801
1032
1162
1213
601
491
1082
1603
702
1082
1012
1703
752
211
872
741
802
862
601
842
972
220
351
1172
742
1153
802
611
1002
792
431
441
592
441
341
1132
411
671
511
1513
1052
1002
1132
210
651
541
551
961
912
752
842
671
822
751
1042
591
831
1062
1623
611
301
431
1222
390
762
341
711
