2695
2395
2184
2154
2004
2474
2645
1753
2094
2094
2295
1973
2044
2185
2144
2776
2134
2154
2144
2535
1974
2474
2074
2434
1823
2365
2925
2094
1883
2605
2414
2124
2434
2514
2635
2505
2334
2124
2334
2524
2565
2325
2114
2815
2224
2424
2434
2245
1723
2946
2695
2645
1643
2986
2786
2014
1703
1994
2184
2675
1884
2625
2474
2424
2545
2475
2134
1903
2404
2525
2084
2715
2364
2355
2344
2185
2184
2605
2454
2375
2315
3106
2205
1984
2475
1914
3086
2355
2134
2154
2124
2686
2354
1884
2264
2114
2545
2745
1573
2415
