871
270
762
301
601
391
431
1313
632
842
652
772
1322
691
862
1072
1042
1313
1062
1163
932
1102
1012
571
1102
371
611
972
652
621
271
801
421
591
611
872
651
871
921
541
862
651
832
250
1653
471
841
902
511
792
721
631
851
961
591
1383
862
611
1763
1082
951
881
2304
1122
982
882
1162
721
1342
341
651
361
461
1012
521
1002
872
922
1383
1653
1021
1192
1102
1593
361
1503
1102
1302
621
531
521
491
912
1753
672
822
291
471
892
811
942
1052
1763
681
481
1012
251
812
251
781
772
1012
1202
731
401
541
791
521
511
991
