242
250
358
337
191
362
363
209
343
344
352
326
261
345
331
214
338
345
206
348
366
253
328
216
197
256
324
337
177
380
337
340
272
316
313
213
245
317
278
328
268
219
328
287
277
209
716
149
181
171
294
212
291
197
175
664
232
167
169
295
212
299
286
283
219
170
295
276
349
288
289
300
318
280
214
293
288
286
215
290
292
293
229
275
285
291
211
300
171
732
168
295
302
211
273
295
279
293
217
257
289
241
218
169
283
165
282
175
706
233
210
287
281
283
304
247
275
292
173
288
218
175
209
218
279
292
286
302
288
231
214
290
313
305
299
208
304
276
214
302
293
212
335
280
212
316
294
213
305
285
191
285
299
246
295
287
225
285
290
286
279
281
200
242
287
214
771
198
174
174
283
243
149
159
190
248
229
246
157
163
170
257
167
270
246
177
263
311
270
178
645
132
247
235
165
236
252
140
233
252
