2194
2144
1543
1714
1713
1453
1994
1393
1893
2305
2455
1914
3046
1853
1663
1794
1854
1473
1934
1854
1493
2214
2004
2114
2525
1513
1863
2205
1673
2235
1873
1543
2104
2204
2194
1683
2264
1162
1883
2094
1803
2144
1643
1844
1713
1643
2345
1804
1964
1553
1413
1804
1834
1743
2074
2274
1784
1744
1954
2084
2204
2114
1683
1813
2044
1594
1694
2084
2475
1783
1953
1823
1883
1613
1904
1713
2164
1944
1653
1954
1804
2024
1383
1984
1964
2294
1864
1874
1283
2364
1573
1403
1593
1843
1603
1743
1413
1924
1943
2315
