302
199
261
273
195
480
205
261
190
264
261
194
277
208
265
185
275
260
263
264
277
260
259
267
257
201
264
195
260
177
259
292
285
190
270
201
258
197
266
288
267
271
267
280
262
266
263
261
293
259
272
163
262
259
273
174
202
267
200
190
215
356
198
338
280
260
264
271
274
255
232
260
201
261
283
261
264
260
274
185
257
206
263
265
266
265
193
263
257
199
263
272
652
131
257
257
158
297
271
200
268
201
260
267
265
268
263
259
257
261
266
269
265
266
196
269
214
276
257
273
268
181
298
262
271
259
191
267
262
262
275
263
261
262
196
267
200
249
273
263
263
267
270
260
267
204
263
195
386
271
265
284
261
288
273
166
277
258
261
199
272
260
280
263
291
286
206
282
209
251
284
269
264
303
187
292
267
302
264
357
291
298
198
263
276
286
184
298
227
268
267
301
180
275
256
200
278
238
326
296
