326
203
282
204
269
203
212
273
289
267
264
269
282
262
266
263
223
267
254
261
224
272
196
272
228
274
205
268
200
294
261
266
283
259
267
281
306
232
271
277
268
264
266
265
261
273
262
271
261
193
259
198
261
195
254
193
199
264
225
271
232
264
206
238
255
302
283
264
316
296
286
259
268
268
306
266
264
188
253
297
195
274
201
263
210
279
247
272
266
262
276
261
268
248
286
273
287
261
290
271
276
260
286
268
292
269
273
260
269
256
264
268
266
253
260
256
275
262
260
269
263
264
167
252
267
197
256
203
255
194
252
289
294
260
267
276
277
274
275
267
207
274
281
261
245
278
224
261
201
274
276
201
271
280
267
256
257
288
289
253
282
270
277
252
258
276
280
266
257
251
250
232
253
279
268
275
260
271
262
296
190
250
270
214
255
197
265
185
200
258
285
255
282
297
277
262
215
290
282
266
