2374
1924
1863
2214
2705
2074
2435
2024
2435
2094
2295
2084
2575
2435
2004
2195
1834
2004
2043
1863
2214
2686
3035
2264
2334
2325
1884
2314
2595
2295
2274
1943
2184
2073
2415
2465
2394
1814
2013
2445
2235
2725
2034
2264
2024
2315
2274
1653
2174
2805
2154
2434
1683
2114
2404
2655
2164
2164
2355
3266
2585
2615
2204
2174
2845
2515
2154
3486
1814
24226
2224
1522
2515
1944
2435
1834
2455
2014
2285
1883
2454
2465
2505
1984
2454
2545
2134
2285
2325
2454
2495
1944
2294
2224
2294
2194
2175
2295
1863
2515
