1814
1843
1883
1443
1814
1934
2054
1883
1873
1392
2254
1823
2184
2825
1603
1473
1493
2175
1993
2414
1794
1764
2285
2304
2224
1654
1944
1433
1874
2234
2214
1834
1933
1403
1783
1593
1803
1593
2555
1403
1833
2154
2194
1412
2084
2004
1863
1984
1743
1623
13987
1573
1844
2124
1903
1283
1923
2455
2425
1883
1734
1673
2815
1974
1934
1492
2315
1813
2174
1403
1984
1613
1784
1704
4008
2374
2074
1844
1853
1954
1773
1663
1964
1724
2254
1753
2114
1643
2054
1533
2094
1963
2374
1563
2334
1843
2164
1784
1854
1783
