239
180
310
182
171
186
234
193
180
190
270
272
190
182
258
164
147
195
269
157
260
191
261
262
162
198
161
153
152
151
256
257
255
181
263
189
240
266
168
320
263
289
256
261
164
266
199
252
126
197
158
270
148
272
157
154
204
154
189
156
184
160
151
159
158
188
309
163
195
254
257
194
158
154
156
283
268
289
271
269
256
262
254
271
264
156
159
162
219
168
247
133
159
258
269
160
248
201
332
220
189
234
192
235
220
339
227
325
243
170
306
299
194
323
233
190
204
352
313
318
321
251
233
347
235
268
182
326
204
232
200
232
196
166
185
202
222
229
312
196
211
222
325
172
207
191
198
194
315
181
199
352
247
325
233
309
196
193
184
175
239
201
341
203
208
190
253
193
248
204
203
254
302
195
215
199
214
210
170
145
285
206
303
176
179
306
205
297
175
164
175
203
266
177
151
162
214
162
294
264
