228
183
178
181
167
172
311
213
169
296
170
216
294
277
219
219
172
171
168
166
163
297
232
175
277
169
215
302
173
313
144
170
178
211
290
307
298
207
297
375
209
207
221
293
212
299
223
183
170
292
221
215
209
286
298
301
314
339
360
331
331
342
371
234
241
249
253
359
226
332
184
214
195
186
188
205
198
339
311
387
359
325
244
312
196
196
190
336
345
251
331
214
197
170
272
208
187
190
209
192
237
199
201
252
341
194
201
193
444
326
346
351
206
254
327
189
213
213
322
297
204
203
251
229
213
190
198
214
317
300
245
391
197
350
341
246
278
345
263
368
254
361
247
281
312
240
340
277
183
319
343
223
348
194
242
350
321
309
201
238
388
364
304
206
260
314
344
321
197
184
351
298
241
322
231
337
241
366
184
221
311
304
332
181
187
187
308
244
210
227
226
322
186
241
340
337
306
328
229
315
