1894
1784
1644
2094
1112
2164
1773
1393
1693
2204
1773
1924
1703
1874
1814
1603
1583
2194
1353
1734
2274
1903
2205
1714
1653
1893
1563
1814
2053
1553
1483
1903
1172
1423
1633
1984
1834
2304
2064
1553
2204
1954
1954
1714
1542
2605
1663
1863
2335
1373
1793
1984
1633
1713
2074
1373
2034
1753
1442
1482
1723
1483
1853
1193
1924
1653
2395
1924
1423
1964
1853
2315
2064
2003
2254
2555
1964
1663
1713
1793
1243
2074
1894
2605
2194
2244
2144
2034
2144
2024
1863
2064
2144
2314
2465
2134
1713
1613
2214
2164
