170
263
202
162
164
158
216
170
171
154
158
156
217
200
348
248
181
347
330
257
341
236
189
176
233
347
310
230
321
178
237
249
192
235
324
311
233
335
208
236
258
340
202
188
182
332
239
300
189
230
329
194
192
175
200
309
191
315
179
237
322
332
325
320
314
243
443
185
332
326
241
328
189
191
257
343
328
201
324
190
333
185
201
311
331
325
239
325
244
336
219
213
185
184
186
230
195
193
314
257
201
208
336
317
201
199
195
201
245
439
200
237
333
186
199
328
213
237
358
200
205
322
328
329
240
333
256
310
192
329
317
340
336
314
240
237
293
255
205
189
195
333
335
191
319
296
327
350
365
231
252
207
198
256
310
195
189
204
304
323
338
325
318
183
251
179
196
196
243
199
187
345
200
328
246
274
320
294
195
337
192
193
223
319
202
223
342
334
239
231
203
214
226
197
196
166
214
166
294
294
