332
343
245
401
332
250
279
330
312
243
315
412
232
276
236
333
237
308
233
316
240
310
277
231
231
324
246
316
230
312
256
318
348
327
237
316
346
238
245
326
339
311
237
324
234
316
306
310
325
233
328
220
333
208
296
192
279
233
328
215
313
315
295
218
288
329
295
290
214
307
225
311
201
312
223
316
312
302
250
205
366
230
245
346
231
287
290
305
289
312
368
213
231
330
222
240
301
219
319
284
304
339
216
313
243
303
244
325
211
306
309
374
294
221
322
255
278
302
289
316
233
217
345
303
365
303
230
309
239
297
316
292
303
318
209
301
224
221
347
332
247
289
257
220
307
255
299
285
281
282
300
297
320
228
306
217
306
309
302
290
241
292
303
328
287
230
320
224
299
317
335
380
396
172
227
217
230
214
217
304
330
243
309
224
312
280
305
290
300
350
309
376
221
314
302
307
294
310
320
318
