1954
1823
2214
2755
2545
2134
1863
2725
2956
2184
2715
1933
2365
2295
2084
2164
2845
1863
2665
1733
2274
2214
2635
1914
2104
2164
1884
1924
2816
1944
2335
2064
2354
2725
2365
2004
1422
1934
2395
3617
2284
2996
2384
2705
2675
2494
2485
2184
2264
2205
1893
2555
1853
1744
1743
2375
2324
1893
2204
2645
1924
2285
2314
2124
2575
3366
1733
2565
1252
2445
1993
1954
2214
2204
2154
2454
1723
1843
2114
1784
1994
2585
2124
1773
2655
2214
2184
2645
2144
2234
1713
1884
1774
2414
2926
2455
2204
2264
2214
2294
