2635
2705
2094
2495
2204
2174
2886
2033
2024
2155
2214
2234
2003
2625
2014
2175
2394
2104
2034
1994
2204
2034
2044
2104
2255
2264
2444
2024
2534
2855
2435
2285
1903
2134
2064
2174
2285
2525
2395
2856
1914
1703
2264
1884
2324
2375
2034
2054
2404
2565
2355
2435
2034
1963
2384
2876
2595
2956
2074
3326
2395
2425
2344
2134
1864
1884
2185
2325
2124
2855
1743
2144
1974
1914
2504
1703
2385
2475
2054
2204
2114
2174
1843
2515
2575
2014
2295
2345
1764
2805
2245
2535
2364
2064
2064
2235
2034
2244
2154
2565
