1032
2224
1122
1413
1162
1363
1032
1122
1012
1423
1563
1984
1874
1052
2024
1934
1703
2434
1924
2324
1783
1423
1022
1393
1463
1493
1653
1403
1663
1523
1533
1232
1413
1683
1493
2204
1453
1373
1553
1012
1543
1503
1333
1142
1403
1272
2084
1463
1403
1693
2064
1423
1643
1362
1493
2185
1703
1182
1213
1522
1443
1322
1974
1443
1573
1873
1442
1382
1222
1613
1443
1733
1302
1452
1402
1512
1222
1923
1423
1543
1243
1513
1272
1483
1392
1703
1493
2224
1714
2274
2305
1803
1724
1343
1293
1533
1302
1533
1183
1143
