289
204
203
327
227
346
332
333
222
325
338
345
334
241
374
373
334
333
244
324
335
235
246
339
322
319
314
244
326
309
307
309
247
232
190
317
272
334
358
422
243
321
332
325
312
325
247
222
250
341
329
326
247
382
321
321
319
243
299
261
319
211
338
327
319
230
219
336
332
247
234
318
228
401
412
346
234
349
316
329
249
321
326
216
318
391
342
181
376
338
331
187
319
322
315
321
370
255
335
193
189
194
357
235
302
318
336
247
340
312
321
328
340
240
319
330
306
350
236
314
324
362
230
815
210
188
232
330
224
310
319
315
250
327
335
230
337
319
344
317
235
199
320
237
219
194
369
233
338
328
385
253
327
367
333
356
227
410
335
342
199
196
213
337
252
333
337
339
254
401
331
313
343
305
208
195
231
336
250
332
331
319
240
402
340
341
351
306
324
355
225
331
328
331
319
243
326
192
204
202
