841
331
1262
321
732
832
1443
932
621
1784
541
541
872
832
992
922
1052
240
1042
431
741
521
401
832
862
1062
802
952
861
1503
230
892
902
381
852
821
982
1412
571
381
932
1052
1052
1423
862
952
1242
521
1052
471
1282
1132
1142
1573
571
902
712
361
441
732
401
1483
501
420
952
381
541
831
571
942
861
661
952
832
791
872
1212
1022
1183
741
531
381
631
832
1462
250
1333
361
842
822
751
741
1263
391
391
321
1102
982
1032
932
841
491
731
961
932
892
851
1102
291
1132
881
2144
1142
581
1143
662
501
892
661
692
