2324
2725
2294
2344
1933
2355
2846
2295
2555
2334
2305
2475
2234
2114
2896
2465
2054
2745
2344
2194
2535
2475
2655
2144
2204
2364
1964
2525
1823
2645
2805
2565
2575
2425
2445
2034
2926
2395
2825
2174
2174
2244
1884
2725
1974
1934
2685
2344
1904
2024
2575
1994
2965
2375
2465
1924
2274
2505
2735
2375
2424
2174
2524
2535
2505
2685
2736
2485
2435
2274
2605
3126
2926
2204
2945
2014
2695
2354
2435
2696
2595
2936
2395
2615
2444
4529
2454
2225
2385
2384
2304
2675
2595
2535
2505
2635
2635
2555
2214
2615
