2485
2314
2375
2324
2244
2585
2474
2214
2485
2144
2245
2014
2104
3186
2535
2665
2164
2284
2475
2424
2275
2194
2716
2575
2726
2645
3035
2124
2785
2645
2986
2655
2013
2535
2164
1874
2585
2164
2375
2064
2434
2455
1744
1974
2294
2474
26881
2394
1934
2885
2394
2565
2124
2515
2665
2675
2335
1994
2204
2124
2285
2655
2545
1914
2024
2495
3116
1964
2254
2515
2434
2224
1884
2314
2585
2384
2414
2756
2094
2795
2305
2084
2585
2244
2375
2765
2084
1974
2425
2314
2254
2615
2335
2224
4078
2384
2024
2023
2124
2235
