2225
2314
2304
2495
2394
2104
2234
1964
2455
3106
2505
2064
2936
2184
2374
2034
1713
2825
2365
2646
2485
2205
2625
2395
2464
2345
1974
2826
1723
2074
2164
2244
2073
2334
2164
2044
2154
2224
2255
2585
2053
2414
1744
2083
1844
3146
2455
2855
2935
2595
2034
2144
2415
2956
2635
2825
2235
2344
2004
2284
2555
2655
2013
2906
2625
2235
2565
2465
2324
2324
2715
2124
2094
2174
1904
2255
2595
2384
2414
2235
2104
2845
2806
2666
2164
2405
2204
2255
2004
2395
2104
2505
2174
2354
2575
2465
2044
1893
2465
2554
