302
152
165
175
173
224
316
272
166
216
257
210
168
172
300
296
290
307
210
323
269
201
165
177
276
278
298
329
277
163
162
175
338
243
312
317
222
335
334
339
199
209
320
338
193
236
234
184
200
197
309
318
330
294
189
282
341
313
309
225
178
192
192
222
252
332
236
199
368
339
305
318
244
256
194
320
318
328
196
173
185
191
246
325
240
246
194
288
305
333
340
166
197
202
188
341
319
250
248
173
314
337
294
316
186
295
315
335
330
241
196
200
334
331
193
245
352
203
214
300
216
335
342
330
204
330
254
285
141
193
810
207
322
356
342
227
226
203
201
210
340
324
341
323
249
208
202
222
348
242
211
386
262
238
190
201
330
338
192
242
198
252
205
340
321
329
344
339
183
351
335
363
350
298
289
334
182
305
206
246
200
333
320
207
225
294
297
196
210
166
340
324
323
342
345
331
243
840
185
255
