322
331
327
228
253
359
318
251
217
228
328
174
298
329
308
321
305
320
316
306
225
332
327
321
230
223
293
213
335
320
300
291
331
213
307
288
323
313
317
194
182
226
228
297
295
184
198
186
218
312
323
302
282
243
298
303
304
229
331
325
332
326
319
291
221
306
302
365
295
280
297
317
310
220
339
329
283
215
359
312
217
216
230
318
217
313
305
293
309
300
184
303
306
324
342
320
181
344
302
298
199
220
223
296
835
202
179
276
297
257
209
317
313
290
187
373
697
173
234
324
333
217
308
300
246
308
212
348
318
289
309
304
344
303
297
324
214
208
330
216
301
347
233
316
215
315
278
204
204
366
282
230
289
295
295
295
218
226
297
278
208
300
323
301
243
321
320
220
299
284
212
231
292
311
294
317
312
314
227
226
306
308
229
293
216
303
302
316
304
247
239
295
279
290
287
321
179
167
242
221
