1493
1743
2535
1784
1743
1924
1603
1774
2144
1352
1693
1793
2595
1733
1914
1894
1753
2084
1563
1523
2013
2264
1743
1553
1453
2525
1873
1633
1954
1543
3326
1663
1943
2445
1733
2003
2074
1643
2355
1884
1713
1964
1703
1372
1663
1774
2155
1583
2164
1673
1382
1774
1703
1644
1813
1723
1713
1823
1402
2384
1893
1994
1593
1633
1383
1853
2154
1112
2084
1543
1933
1553
1924
1533
1603
1734
2144
1212
1693
2345
1463
1373
2114
2224
1473
1513
1653
1442
1974
1713
1793
1744
1613
2014
1713
1462
2154
2125
2354
2074
