231
250
561
371
782
301
1002
401
360
231
210
751
621
571
1253
301
722
320
240
211
391
1092
341
361
431
902
231
972
471
951
220
681
280
491
321
662
962
1233
571
220
671
581
261
301
971
641
1232
1332
1423
792
491
321
742
1042
1382
230
852
1363
802
521
682
1002
1403
251
401
571
531
1293
311
1343
812
731
200
211
221
872
331
1132
711
642
201
1142
2014
241
200
681
821
862
410
300
271
661
872
230
541
701
270
250
401
551
501
451
721
461
280
871
601
1253
982
1052
190
1172
501
310
912
251
591
852
1333
360
