2184
1934
2255
2445
2145
1974
3216
2405
2074
1753
1914
2084
1663
1492
1894
2595
2054
3096
3386
2745
2224
2003
1703
2344
2174
2014
1603
2004
1823
1964
2465
3126
2385
2585
2655
2214
1754
2014
2304
2585
1934
2455
2474
2505
2314
1673
1693
1764
1813
2475
1874
2114
39515
2164
1733
1774
2304
2324
2064
2024
1823
2174
1904
1963
1873
2104
2314
1773
1503
2054
2034
2335
2254
1874
1984
1914
1843
2073
2134
2084
2064
2224
1963
2585
1893
1973
2334
2184
2645
2264
2084
2014
2134
1964
1803
2154
2414
2345
1974
2375
