2695
2345
2735
2815
2534
2605
2175
2434
2094
2535
2144
1874
2475
2304
2234
2033
2024
2254
3056
2104
2144
1994
1783
2334
2104
2715
2345
2665
2184
2205
1783
2164
2565
2564
2454
2244
2144
2485
2384
2635
1764
2375
2214
2064
2385
2535
2114
1603
2325
2254
2445
1864
2094
2094
2354
2264
2726
2344
2174
2534
2284
1663
1994
2215
2715
2494
2264
3046
2044
2385
2795
2545
2214
1974
2475
2154
1984
1904
2174
1713
2585
3166
1974
2164
2244
2114
2385
1964
2585
2294
2725
2094
2685
2465
2114
2324
1924
2415
2134
2675
