249
336
240
290
214
318
179
267
244
186
187
367
291
288
291
181
171
180
173
278
287
211
201
330
289
195
287
299
221
272
132
178
295
183
184
173
278
286
211
292
295
176
175
294
303
226
342
216
259
159
177
173
173
292
217
185
287
304
309
175
704
193
181
170
285
172
168
193
296
298
307
292
182
172
295
300
173
174
173
294
318
184
362
211
283
135
218
172
173
164
229
311
304
297
215
736
218
225
288
135
208
295
292
185
175
302
166
180
285
276
213
318
278
144
202
190
197
339
228
322
204
223
319
317
212
310
227
330
190
188
331
315
293
252
230
184
235
304
310
222
191
181
309
184
181
190
313
227
182
306
181
237
318
312
310
243
312
317
228
268
183
235
302
313
804
173
322
319
229
270
175
189
195
327
198
181
307
343
194
185
185
319
327
249
324
266
331
332
234
298
171
242
317
200
229
181
298
300
265
308
