263
241
261
263
279
261
279
271
198
260
267
264
260
254
260
205
205
199
199
272
267
244
210
282
340
249
196
279
196
221
276
197
229
266
258
171
264
203
266
246
269
268
260
276
244
204
269
194
287
273
287
267
225
272
187
242
260
274
264
255
209
264
284
270
194
269
236
181
658
194
267
196
272
256
285
208
265
196
307
217
291
194
265
286
277
270
268
185
266
244
262
204
257
266
269
270
241
195
192
199
285
279
283
246
295
302
263
212
193
312
213
270
185
264
271
263
275
242
287
270
244
267
259
265
248
146
249
198
262
244
350
288
250
179
266
208
200
274
309
260
201
284
208
269
198
276
204
267
194
333
271
253
224
195
285
207
270
208
269
273
207
278
194
310
270
264
155
282
177
284
274
281
281
175
306
314
233
207
260
201
189
289
209
281
277
292
271
203
286
286
291
283
206
259
272
266
226
277
189
298
