237
286
297
292
305
294
227
379
299
306
290
227
297
290
177
307
170
282
290
277
285
216
180
274
298
286
287
301
198
213
278
206
293
287
289
315
170
176
182
215
300
289
272
285
233
225
288
278
283
295
290
181
758
172
176
289
174
280
294
213
275
298
174
280
265
211
288
283
172
176
172
219
298
278
310
332
300
211
289
291
275
279
198
214
270
278
233
274
279
215
319
278
330
280
284
226
221
276
221
289
283
293
212
306
278
282
169
744
332
279
272
222
281
306
284
189
279
295
290
298
181
287
312
278
307
290
211
277
286
302
287
224
202
282
218
283
288
306
296
317
290
220
234
303
309
183
184
205
360
309
332
311
297
303
222
295
231
316
297
289
326
284
318
310
356
299
207
211
287
269
304
337
230
290
299
229
233
301
274
217
336
277
294
228
275
216
309
328
214
211
318
287
259
295
289
191
187
188
224
187
