331
360
321
1022
621
441
962
1072
711
671
601
961
611
752
421
251
340
501
211
521
972
861
431
1142
231
1122
471
562
460
250
601
812
301
250
882
1042
1353
1462
230
511
892
942
561
1082
371
360
371
751
602
812
812
240
962
521
671
661
892
1062
781
631
370
651
401
481
952
812
1403
741
300
1022
1263
1102
1052
872
1503
821
451
291
260
1162
1042
952
220
1032
982
922
681
721
942
972
1052
861
1002
822
280
551
581
1082
842
681
371
231
761
752
481
591
891
2444
481
330
651
431
561
631
652
871
982
671
291
331
