1913
1143
2265
1873
1713
1994
1442
1603
1803
2625
2264
2074
2435
1653
2144
2114
2425
2044
1963
1883
2144
1883
2114
1964
1573
1613
1983
1884
1954
1834
2255
2214
1784
2094
2174
2074
1734
2154
2224
2084
2174
1673
2124
1963
1983
1644
2024
1984
1542
2384
1874
1944
2225
2345
2224
2425
2094
2205
1953
2404
2114
2054
1924
2465
1883
1824
1813
2044
2264
1533
2044
2315
2004
2355
2464
2234
1784
2655
2194
1853
2215
1784
1933
1934
2034
2244
2254
2355
1873
1703
2465
2034
2044
2445
2335
1924
2043
1693
1894
2014
