2084
2053
1983
1944
1773
2114
1663
2144
2224
2595
1744
2775
2254
2054
1984
2134
1824
1954
2174
1963
1884
1634
2194
1784
2204
1974
1874
2164
1573
2013
1723
1994
1883
2034
2324
2515
2144
2435
1803
2295
1784
2435
1713
1754
2175
2405
1703
2234
1853
2094
1984
2114
2134
1813
2224
2425
2475
1884
2174
1953
1873
2064
2154
1993
2094
2465
2645
1813
1684
1803
2395
2134
1984
1884
2244
2474
1813
1834
2525
2134
1793
1953
2826
2264
1814
1532
2084
2314
2034
1944
1663
1794
1663
1653
2165
2184
2034
2004
1873
2905
