601
341
922
371
821
922
361
210
200
221
460
200
1583
1953
682
711
1072
411
231
440
591
280
1463
681
381
251
521
260
692
441
531
1062
851
1062
651
320
461
280
330
221
571
341
1002
622
882
591
661
1122
651
211
1072
441
902
1092
932
240
591
551
712
190
1403
602
1082
661
831
1192
972
491
251
511
410
1232
231
1232
841
631
1002
962
461
921
261
531
811
531
271
481
1062
551
631
271
681
451
621
371
1152
952
911
701
521
331
190
451
731
601
852
1152
912
882
231
351
881
771
1162
501
210
1002
581
341
711
741
