126
158
123
223
135
136
129
138
127
139
189
232
212
240
223
232
237
139
138
133
127
137
157
135
129
140
189
140
164
158
159
209
239
239
221
224
216
198
225
124
161
316
161
175
166
136
218
214
228
225
236
230
160
226
236
225
160
181
159
169
175
157
168
168
167
162
171
158
163
170
172
157
170
167
170
169
160
157
166
182
159
177
168
177
159
170
161
168
163
158
158
157
168
165
159
158
166
164
170
158
159
163
161
168
158
182
159
167
168
181
162
157
156
157
164
161
163
162
160
170
157
212
197
219
158
325
226
216
222
216
221
222
172
222
174
220
162
225
157
216
157
236
232
217
214
227
230
222
229
225
215
228
221
216
221
220
223
224
228
224
222
223
245
224
240
211
221
216
236
243
225
225
223
220
217
220
216
229
226
217
218
214
222
232
245
226
213
228
235
218
224
228
220
243
215
231
257
216
220
217
