1543
1372
1793
2204
2164
2495
1503
2014
2465
2073
2214
2104
2244
2494
2154
1994
1734
1333
1844
2405
2084
2034
2665
1953
2114
2084
2254
2264
1893
1573
2144
2084
3747
1943
1803
1994
1753
1803
2154
2285
2154
1984
2084
2023
1643
2264
1863
1883
1933
1873
2124
1964
1974
2525
1914
3046
2355
2094
2014
1613
1583
2154
1814
1903
1913
2044
1423
1964
2535
2083
2594
1993
1843
2014
2124
2645
2304
2485
1863
2154
1853
2786
1583
2766
1883
1853
1904
1623
2214
2044
1813
1723
2224
2134
1653
1623
1603
2054
2494
1653
