712
291
782
842
981
741
561
1052
471
581
250
611
1202
901
1002
1002
241
621
951
241
551
1482
1262
401
611
961
1152
691
841
2144
752
260
311
621
832
170
471
521
1603
892
1362
351
501
822
1022
852
591
561
972
1122
571
1453
411
401
642
1022
300
490
1703
381
852
321
280
761
691
1122
1603
1082
1042
852
230
761
752
711
1072
531
942
652
632
1172
862
1242
411
381
811
772
251
631
1152
380
752
931
611
1122
972
1213
951
260
571
220
341
691
1393
301
812
1993
992
852
331
1082
1242
682
490
281
330
270
652
612
741
230
