1904
2024
2144
1924
2404
1904
1433
2084
1913
1853
1764
1894
1583
2094
2414
2325
2054
1673
2154
1874
2124
1953
2134
1893
2245
2204
2275
2255
2044
2484
1864
1834
2014
2033
1693
2044
1593
1864
3026
2565
2425
2485
2024
2175
1784
2054
2194
2285
2635
1873
1743
2464
1834
1533
1793
2505
1954
1823
2014
2174
1824
2094
2505
2405
2465
1794
2064
1993
2175
1593
1533
1703
2184
1663
2024
1894
2455
2145
1933
1984
2435
1934
1964
1934
1953
2054
2304
2024
2505
1663
1963
1964
2034
2144
2054
1874
2796
1974
1853
2224
