177
232
326
304
182
186
184
165
165
190
247
336
167
224
301
171
166
185
284
183
227
206
223
229
216
233
226
310
187
184
190
171
174
171
239
187
191
164
163
192
183
166
182
183
182
211
190
230
225
209
197
211
261
204
219
190
235
264
205
177
203
178
218
222
197
258
223
198
215
203
203
230
224
252
214
271
257
246
202
214
204
220
201
209
201
209
197
220
215
192
212
200
203
215
208
316
212
215
240
211
211
214
208
194
228
222
230
217
223
225
210
193
189
186
180
177
189
174
180
232
219
223
218
216
233
266
233
168
315
193
181
194
188
193
184
189
179
301
202
187
186
212
277
166
172
185
183
235
175
194
196
240
184
218
255
191
183
187
306
191
185
179
186
182
179
192
291
171
184
177
178
222
306
235
185
178
172
174
152
171
196
165
186
184
199
254
204
194
310
234
205
169
194
227
198
331
181
182
219
187
