2235
1873
2044
2365
2264
2655
2305
2214
2304
2214
2054
1803
2024
2254
2334
1854
2114
2595
2235
2074
2355
2134
1934
2454
2395
2615
1964
2785
2084
1793
2385
2445
2535
2385
2795
2615
2184
2265
1883
2054
1994
2174
1973
1783
2235
2314
2385
1854
2534
2134
2174
2134
1823
1673
3386
2074
2595
2244
2574
1913
2104
2415
1994
2324
2084
2344
2585
2094
2104
2155
2134
2915
2415
2695
2215
2635
2365
1853
1884
2314
2274
2295
2574
1974
2094
2154
2084
1743
1603
2304
2595
2074
1583
1222
1874
2515
2224
2235
2615
2074
