209
234
306
294
286
198
178
214
292
287
158
287
269
305
184
268
201
289
303
195
267
212
303
178
197
297
303
292
172
294
301
198
220
295
314
188
173
180
313
176
171
218
219
281
155
297
213
232
175
280
330
202
303
183
174
291
277
176
300
203
247
185
275
318
220
177
219
151
222
183
295
293
221
279
177
158
686
298
308
298
184
204
301
202
324
289
271
295
216
219
285
176
189
200
310
321
309
163
314
318
242
286
314
805
177
185
267
230
296
225
319
233
342
326
290
245
187
352
301
214
173
192
288
181
282
321
285
200
235
229
314
337
175
329
192
229
337
285
202
322
325
276
449
145
175
154
174
252
284
233
327
321
187
164
328
189
196
329
186
194
290
328
215
176
342
180
193
179
306
284
297
175
294
321
235
285
199
301
252
318
307
197
340
330
194
321
218
303
203
302
312
195
277
296
308
200
179
330
326
221
