253
233
237
241
237
255
245
254
236
246
228
233
282
248
240
248
223
228
229
213
273
223
232
271
294
283
230
220
216
236
225
237
310
218
230
232
249
221
243
246
242
251
219
239
239
282
245
241
259
276
232
242
253
240
239
241
258
214
325
192
343
193
250
237
245
246
350
196
345
190
297
211
261
340
199
348
242
337
198
324
213
344
222
323
203
249
289
186
183
294
207
326
200
335
192
182
194
253
216
301
200
286
200
333
168
340
218
306
213
210
369
230
358
241
359
225
369
219
360
200
258
342
203
206
197
205
204
215
206
201
220
233
232
221
202
209
208
204
179
201
209
219
225
203
216
197
251
275
212
200
192
209
238
216
208
204
221
221
217
197
213
258
249
194
215
232
191
223
212
195
211
211
212
181
181
341
273
200
312
262
319
251
322
212
300
161
231
326
216
200
182
316
397
192
186
186
175
183
303
181
