1000 161 1.61 270 140 100 graficos/avl/avl_medium-100-1000.txt
2000 209.73 2.0973 411 100 100 graficos/avl/avl_medium-100-2000.txt
3000 245.33 2.4533 561 180 100 graficos/avl/avl_medium-100-3000.txt
4000 291.21 2.9121 812 180 100 graficos/avl/avl_medium-100-4000.txt
5000 385.38 3.8538 831 1122 100 graficos/avl/avl_medium-100-5000.txt
6000 466.11 4.6611 991 1022 100 graficos/avl/avl_medium-100-6000.txt
7000 459.14 4.5914 922 1002 100 graficos/avl/avl_medium-100-7000.txt
8000 338.38 3.3838 761 1122 100 graficos/avl/avl_medium-100-8000.txt
9000 817.09 8.1709 982 1002 100 graficos/avl/avl_medium-100-9000.txt
10000 298.46 2.9846 662 200 100 graficos/avl/avl_medium-100-10000.txt
11000 539.21 5.3921 982 1012 100 graficos/avl/avl_medium-100-11000.txt
12000 858.86 8.5886 982 1002 100 graficos/avl/avl_medium-100-12000.txt
13000 347.94 3.4794 821 190 100 graficos/avl/avl_medium-100-13000.txt
14000 712.73 7.1273 982 1042 100 graficos/avl/avl_medium-100-14000.txt
15000 611.86 6.1186 982 1001 100 graficos/avl/avl_medium-100-15000.txt
16000 676.8 6.768 992 1022 100 graficos/avl/avl_medium-100-16000.txt
17000 835.19 8.3519 981 1001 100 graficos/avl/avl_medium-100-17000.txt
18000 783.12 7.8312 982 1002 100 graficos/avl/avl_medium-100-18000.txt
19000 382.95 3.8295 731 1713 100 graficos/avl/avl_medium-100-19000.txt
20000 677.44 6.7744 952 1022 100 graficos/avl/avl_medium-100-20000.txt
21000 825.76 8.2576 992 1001 100 graficos/avl/avl_medium-100-21000.txt
22000 958.15 9.5815 992 1002 100 graficos/avl/avl_medium-100-22000.txt
23000 713.11 7.1311 982 1002 100 graficos/avl/avl_medium-100-23000.txt
24000 735.39 7.3539 972 1032 100 graficos/avl/avl_medium-100-24000.txt
25000 458.93 4.5893 742 1052 100 graficos/avl/avl_medium-100-25000.txt
26000 908.66 9.0866 992 1052 100 graficos/avl/avl_medium-100-26000.txt
27000 767.06 7.6706 972 1001 100 graficos/avl/avl_medium-100-27000.txt
28000 420.93 4.2093 992 1072 100 graficos/avl/avl_medium-100-28000.txt
29000 1003.98 10.0398 972 1062 100 graficos/avl/avl_medium-100-29000.txt
30000 1027.35 10.2735 992 1001 100 graficos/avl/avl_medium-100-30000.txt
31000 813.86 8.1386 982 1012 100 graficos/avl/avl_medium-100-31000.txt
32000 1052.17 10.5217 982 1002 100 graficos/avl/avl_medium-100-32000.txt
33000 980.75 9.8075 992 1002 100 graficos/avl/avl_medium-100-33000.txt
34000 1064.86 10.6486 972 1002 100 graficos/avl/avl_medium-100-34000.txt
35000 591.6 5.916 972 1032 100 graficos/avl/avl_medium-100-35000.txt
36000 513.71 5.1371 922 1052 100 graficos/avl/avl_medium-100-36000.txt
37000 453.57 4.5357 841 1042 100 graficos/avl/avl_medium-100-37000.txt
38000 684.81 6.8481 992 1002 100 graficos/avl/avl_medium-100-38000.txt
39000 935.35 9.3535 942 1002 100 graficos/avl/avl_medium-100-39000.txt
40000 427.15 4.2715 722 1884 100 graficos/avl/avl_medium-100-40000.txt
41000 823.09 8.2309 982 1042 100 graficos/avl/avl_medium-100-41000.txt
42000 735.72 7.3572 992 1002 100 graficos/avl/avl_medium-100-42000.txt
43000 760.38 7.6038 992 1002 100 graficos/avl/avl_medium-100-43000.txt
44000 1001.54 10.0154 992 1002 100 graficos/avl/avl_medium-100-44000.txt
45000 871.57 8.7157 972 1022 100 graficos/avl/avl_medium-100-45000.txt
46000 743.27 7.4327 952 1002 100 graficos/avl/avl_medium-100-46000.txt
47000 737.13 7.3713 992 1012 100 graficos/avl/avl_medium-100-47000.txt
48000 1053.23 10.5323 992 1001 100 graficos/avl/avl_medium-100-48000.txt
49000 1290.14 12.9014 912 1233 100 graficos/avl/avl_medium-100-49000.txt
50000 857.37 8.5737 962 1002 100 graficos/avl/avl_medium-100-50000.txt
51000 1632.81 16.3281 971 1032 100 graficos/avl/avl_medium-100-51000.txt
52000 1437.31 14.3731 952 1042 100 graficos/avl/avl_medium-100-52000.txt
53000 856.61 8.5661 981 1042 100 graficos/avl/avl_medium-100-53000.txt
54000 579.12 5.7912 962 1032 100 graficos/avl/avl_medium-100-54000.txt
55000 1360.87 13.6087 992 1012 100 graficos/avl/avl_medium-100-55000.txt
56000 1208.82 12.0882 992 1002 100 graficos/avl/avl_medium-100-56000.txt
57000 1590.51 15.9051 752 1062 100 graficos/avl/avl_medium-100-57000.txt
58000 793.77 7.9377 992 1002 100 graficos/avl/avl_medium-100-58000.txt
59000 958.44 9.5844 941 1002 100 graficos/avl/avl_medium-100-59000.txt
60000 884.45 8.8445 992 1012 100 graficos/avl/avl_medium-100-60000.txt
61000 1079.29 10.7929 972 1032 100 graficos/avl/avl_medium-100-61000.txt
62000 1593.36 15.9336 842 1082 100 graficos/avl/avl_medium-100-62000.txt
63000 2013.77 20.1377 3016 1062 100 graficos/avl/avl_medium-100-63000.txt
64000 855.86 8.5586 992 1012 100 graficos/avl/avl_medium-100-64000.txt
65000 2020.08 20.2008 991 1032 100 graficos/avl/avl_medium-100-65000.txt
66000 1326.26 13.2626 932 1052 100 graficos/avl/avl_medium-100-66000.txt
67000 1395.97 13.9597 861 1032 100 graficos/avl/avl_medium-100-67000.txt
68000 1317.02 13.1702 992 1032 100 graficos/avl/avl_medium-100-68000.txt
69000 1192 11.92 992 1012 100 graficos/avl/avl_medium-100-69000.txt
70000 1204.16 12.0416 971 1001 100 graficos/avl/avl_medium-100-70000.txt
71000 1651.85 16.5185 411 1673 100 graficos/avl/avl_medium-100-71000.txt
72000 1178.92 11.7892 992 1002 100 graficos/avl/avl_medium-100-72000.txt
73000 1591 15.91 962 1012 100 graficos/avl/avl_medium-100-73000.txt
74000 2136.88 21.3688 951 1362 100 graficos/avl/avl_medium-100-74000.txt
75000 1126.92 11.2692 972 1011 100 graficos/avl/avl_medium-100-75000.txt
76000 1458.62 14.5862 982 1142 100 graficos/avl/avl_medium-100-76000.txt
77000 959.11 9.5911 962 1122 100 graficos/avl/avl_medium-100-77000.txt
78000 1668.72 16.6872 762 1112 100 graficos/avl/avl_medium-100-78000.txt
79000 1472.98 14.7298 982 1082 100 graficos/avl/avl_medium-100-79000.txt
80000 1148.11 11.4811 982 1002 100 graficos/avl/avl_medium-100-80000.txt
81000 1336.73 13.3673 992 1092 100 graficos/avl/avl_medium-100-81000.txt
82000 1306.17 13.0617 962 1032 100 graficos/avl/avl_medium-100-82000.txt
83000 1383 13.83 982 1002 100 graficos/avl/avl_medium-100-83000.txt
84000 1498.13 14.9813 982 1002 100 graficos/avl/avl_medium-100-84000.txt
85000 1476.6 14.766 972 1012 100 graficos/avl/avl_medium-100-85000.txt
86000 1818.07 18.1807 852 1153 100 graficos/avl/avl_medium-100-86000.txt
87000 668.68 6.6868 982 1012 100 graficos/avl/avl_medium-100-87000.txt
88000 1567.48 15.6748 732 1192 100 graficos/avl/avl_medium-100-88000.txt
89000 1197.03 11.9703 912 1001 100 graficos/avl/avl_medium-100-89000.txt
90000 2275.2 22.752 721 721 100 graficos/avl/avl_medium-100-90000.txt
91000 1549.98 15.4998 962 1032 100 graficos/avl/avl_medium-100-91000.txt
92000 1581.81 15.8181 962 1062 100 graficos/avl/avl_medium-100-92000.txt
93000 1844.58 18.4458 972 1041 100 graficos/avl/avl_medium-100-93000.txt
94000 1967.93 19.6793 982 1012 100 graficos/avl/avl_medium-100-94000.txt
95000 2344.5 23.445 982 982 100 graficos/avl/avl_medium-100-95000.txt
96000 976.48 9.7648 921 1212 100 graficos/avl/avl_medium-100-96000.txt
97000 857.22 8.5722 892 1062 100 graficos/avl/avl_medium-100-97000.txt
98000 1734.92 17.3492 932 1012 100 graficos/avl/avl_medium-100-98000.txt
99000 2240.07 22.4007 942 1042 100 graficos/avl/avl_medium-100-99000.txt
100000 1659.85 16.5985 962 1162 100 graficos/avl/avl_medium-100-100000.txt
