2855
1603
2224
1874
1954
1843
1994
2124
2605
2134
2425
2084
2084
2535
2715
2364
2364
3116
2725
1693
2394
2174
1873
2996
2264
2535
1984
2315
2295
2986
1854
2314
2625
2355
2083
2475
2084
2184
2615
2655
2334
2785
2454
2424
2374
2184
2114
2194
2605
2735
2174
1994
2385
2074
2074
2755
2725
2064
2033
2655
2585
2134
2625
2385
2605
2314
2365
2726
2705
2655
2164
3096
2334
2395
2424
2034
2665
1794
2265
1944
2334
2063
1994
1974
2324
2084
2355
2455
2655
2344
2154
2464
2505
2174
2675
2405
2605
2675
2926
2274
