303
301
395
180
215
282
330
174
220
235
287
236
181
179
298
311
226
291
190
293
290
331
314
179
228
214
298
306
261
341
298
198
732
187
287
297
232
283
278
765
171
211
314
289
187
214
298
225
288
220
277
223
187
170
294
307
196
182
294
319
251
185
188
321
316
230
285
208
183
183
299
226
189
287
330
216
211
296
300
305
215
336
309
190
192
180
181
311
291
228
374
210
178
180
196
300
310
238
273
339
233
331
167
353
328
311
228
297
330
237
318
199
238
326
314
229
426
317
331
317
329
241
324
344
277
203
192
234
199
351
255
197
305
319
207
224
237
321
163
339
337
320
226
193
195
315
321
206
306
230
284
191
310
190
187
318
176
183
311
181
183
196
317
327
313
193
183
321
196
184
207
305
303
235
301
189
225
364
330
214
318
230
314
162
189
189
226
185
192
330
217
313
297
288
196
193
333
313
186
313
