301
321
982
260
821
1222
451
561
450
511
862
241
601
902
821
671
451
200
441
1242
551
982
501
872
591
762
1042
1423
702
771
1143
741
731
310
210
942
461
541
400
331
521
1022
431
751
811
401
391
471
1293
1172
731
621
672
912
771
611
651
782
1433
781
1001
1152
811
791
1903
1032
1232
902
290
1903
491
731
191
591
711
330
270
982
431
982
642
771
451
961
872
691
401
621
661
2404
701
1002
722
361
831
812
971
792
992
942
1293
802
1382
1262
381
932
621
892
241
441
501
672
922
982
431
1253
661
1052
201
471
