2074
1543
2414
2044
2034
1963
2315
2565
2174
2736
2244
1883
2344
2284
1633
2274
2405
2735
2995
2284
2926
2775
2274
2254
2064
2274
2285
2235
2555
2234
1803
2425
2094
2515
2434
2575
2054
2384
2194
2475
2675
2134
2364
2285
1914
2224
2234
1854
1934
2215
2365
2905
2344
2474
2314
2495
2525
2254
2044
2064
2605
2424
2445
2364
2414
2335
2494
3336
2655
2284
2234
2385
2425
2264
2435
2234
3025
3507
1924
2044
1894
1954
2495
2104
2415
2335
1813
2155
2164
2464
2185
2384
2144
2285
2214
3126
2705
2083
2454
2224
