2044
1623
2354
2314
1823
1893
2454
2665
2725
2524
2324
1863
1533
2014
1463
2244
1453
1904
1392
1894
1553
1833
2274
2254
2355
2174
1733
1953
2114
1773
1644
2495
1713
1954
1813
2084
2324
1924
1723
1903
1894
2024
1603
1603
1844
2114
1613
1874
2414
1904
2715
1774
1533
2034
2104
2083
1613
1793
1833
2484
1603
2174
1964
1122
1904
1744
1463
1743
1834
3016
2114
2164
2584
2435
2294
1694
2395
2395
2194
2485
2215
2795
2324
2144
2395
2395
2474
2004
2254
2244
2605
2815
1973
1954
1753
2074
1092
1303
1062
1232
