294
201
262
217
273
249
255
235
271
197
266
262
190
281
258
249
262
274
266
311
257
193
267
249
212
308
276
258
167
262
192
267
268
287
257
268
263
145
249
273
197
298
281
277
190
265
201
260
255
257
264
271
277
268
268
268
272
278
251
260
276
274
304
272
274
271
364
265
267
271
268
278
268
274
272
262
253
268
264
268
249
259
244
276
259
250
261
252
268
257
262
273
274
237
252
284
277
269
278
284
271
264
250
253
268
263
259
286
250
254
228
301
324
302
158
145
139
131
129
147
129
163
121
150
189
150
142
140
109
111
149
141
129
128
131
163
167
169
160
148
179
160
168
153
252
195
200
188
195
191
284
248
190
194
193
184
197
248
203
209
253
194
191
190
202
288
194
278
182
308
268
258
262
262
260
268
265
271
249
261
266
243
266
284
270
265
206
245
191
311
274
265
262
253
262
262
275
318
282
308
