237
181
184
338
193
237
205
188
322
192
180
185
179
191
184
187
178
217
168
180
210
186
236
218
239
227
222
235
232
229
214
238
240
222
234
275
222
173
302
210
180
184
231
186
181
199
190
198
218
182
251
233
231
228
189
329
213
235
233
227
224
246
221
247
223
256
242
243
232
234
228
230
248
236
251
227
233
228
239
240
227
238
233
187
199
199
234
195
190
193
200
187
194
187
195
196
319
190
224
319
195
195
315
246
316
178
340
311
308
175
323
236
367
268
332
216
327
183
372
212
250
270
260
255
268
250
239
246
252
286
252
248
273
266
268
254
243
223
208
200
200
208
206
262
334
205
203
196
200
249
200
265
349
212
201
203
228
363
363
192
357
231
199
218
199
217
207
219
198
209
187
209
471
212
209
218
209
378
198
324
154
186
144
218
293
164
165
270
164
288
157
279
210
263
128
192
205
169
166
256
