320
231
224
351
245
249
192
258
195
343
330
338
314
281
210
315
335
310
247
218
351
248
333
178
343
354
320
196
324
195
238
189
242
227
363
227
332
237
249
208
193
294
276
324
319
315
214
183
191
226
204
187
195
294
191
326
316
188
220
174
184
367
182
189
190
197
317
222
230
243
336
187
198
415
203
287
328
168
199
187
188
185
195
224
323
228
164
203
220
322
333
228
352
321
312
347
175
330
328
247
182
329
302
323
322
215
332
318
255
190
326
246
190
261
336
245
308
232
186
188
323
227
256
189
242
178
197
340
317
259
205
177
308
172
176
173
172
292
293
301
298
291
167
295
225
171
162
173
286
227
257
323
312
266
206
155
272
282
295
277
202
172
172
303
292
290
322
202
177
300
295
195
153
216
259
211
288
176
330
299
294
267
212
177
292
306
268
279
255
175
170
302
301
292
296
166
295
286
222
221
