275
266
266
292
275
296
278
279
270
274
263
322
279
262
268
294
322
258
273
266
258
270
271
252
268
282
268
290
262
252
289
273
278
287
260
283
276
289
287
271
266
274
275
276
266
269
280
268
259
279
269
269
258
281
266
256
312
251
268
294
272
278
279
293
272
266
274
274
268
265
291
255
272
277
274
269
325
304
277
259
273
255
274
256
260
301
280
293
273
265
262
260
273
278
272
270
284
291
259
284
266
272
278
293
254
266
269
303
263
252
267
264
260
254
230
278
265
273
267
182
284
206
274
243
198
221
213
233
239
204
302
200
214
270
270
294
270
277
280
269
266
263
255
276
272
262
262
266
267
268
271
265
279
266
267
274
268
279
266
272
284
281
281
281
257
263
281
259
289
271
252
287
281
260
291
274
282
270
267
289
273
273
282
268
265
257
284
282
270
280
268
271
261
263
255
271
271
267
279
283
