1673
1783
1753
1843
1974
2174
2164
1874
2023
1413
1814
2454
1924
1853
1863
2695
2164
2224
2285
1984
2375
2775
2304
1924
2134
2665
2545
2545
2585
2104
2084
1974
2204
2185
2235
2414
2334
2354
2024
2074
2555
2745
1813
2114
1983
1803
2235
2214
1523
2435
2004
2374
2605
1944
1933
2475
2174
1913
2444
2315
1944
2525
1903
1883
1754
1813
2655
1763
2164
2605
1914
2314
2034
3076
2295
1844
2756
2826
2415
2104
1794
1993
2314
1833
1954
2064
2144
2114
2264
2255
1964
1933
1964
2044
2334
1924
1864
1804
1924
2024
