2244
3377
2535
2094
1883
2525
2696
2696
2795
2214
2304
2064
2294
2305
2395
1693
2305
2294
2385
2454
2455
2565
2695
2004
2064
2295
2114
2154
1774
3396
2355
2425
2244
2505
2104
2415
2315
2896
2294
2345
2034
2354
2725
2264
2184
2254
2144
2144
1724
2565
2114
2074
2074
2325
2214
2385
2364
2174
1933
2334
2295
2395
2194
2334
2244
2244
2715
2434
1863
2685
2385
2224
1694
1984
2404
2014
2294
2284
2314
2425
2014
2374
2124
1874
2475
1864
2505
2284
2475
1903
2214
2114
2304
1833
2314
2414
2505
2866
2334
2726
