339
309
328
372
315
239
374
319
305
327
235
336
221
310
337
318
307
304
301
313
246
310
300
295
276
240
332
226
302
307
271
284
226
223
298
221
268
298
297
501
295
230
301
318
295
313
226
315
211
318
218
215
302
298
309
325
286
218
235
349
226
285
325
321
200
306
242
312
200
298
235
307
301
307
313
207
342
232
300
298
311
295
223
234
293
222
262
305
293
169
287
209
280
294
301
291
279
311
280
308
300
219
288
210
236
272
297
301
278
268
208
279
273
270
222
216
310
250
204
383
204
271
278
287
197
300
207
275
210
291
202
268
300
291
281
297
189
290
217
282
316
201
196
311
203
247
292
285
175
251
208
190
299
156
298
271
294
301
270
530
272
192
280
284
286
302
281
232
335
198
289
304
284
302
241
278
195
203
219
216
326
290
280
275
206
213
202
280
274
281
332
294
271
282
289
274
204
276
288
282
