211
168
181
172
275
392
209
369
236
359
358
210
205
231
207
201
331
209
255
356
242
234
282
351
188
220
307
206
348
327
280
205
360
360
345
389
277
350
362
195
322
344
359
202
250
196
209
182
206
193
206
204
244
205
205
339
206
237
259
241
267
249
254
254
260
272
238
250
250
249
264
270
273
252
268
278
230
225
180
277
218
224
208
226
265
216
210
204
208
226
210
823
206
176
230
288
339
168
174
290
195
303
207
279
166
299
166
277
169
241
245
285
183
302
170
163
213
282
199
286
278
288
278
162
211
271
169
296
292
298
275
222
279
235
182
179
162
178
162
186
174
177
160
162
168
161
185
173
201
311
188
329
194
363
197
322
178
339
196
323
171
235
181
236
245
249
178
310
327
397
326
224
298
244
188
316
186
324
192
237
224
247
246
217
230
227
222
189
209
195
171
194
198
193
187
198
193
187
187
199
