184
304
202
256
261
267
160
258
182
272
271
191
321
262
273
276
268
267
271
261
272
258
273
270
272
263
249
269
302
249
246
268
267
264
270
265
269
266
279
281
273
251
277
296
255
261
240
260
244
250
240
252
258
258
275
238
276
264
241
267
259
240
251
195
282
201
201
187
189
177
200
274
281
271
239
265
190
261
194
266
174
241
238
237
235
269
264
276
241
300
265
266
239
260
392
172
263
205
272
190
244
204
227
257
254
269
274
248
266
260
247
250
271
267
258
278
263
264
263
286
270
241
246
241
260
288
239
266
240
249
278
261
245
271
275
266
241
249
264
278
285
279
274
236
261
271
265
260
235
264
252
270
255
279
238
243
230
241
200
267
238
204
235
239
282
259
279
276
235
268
272
235
272
237
269
275
244
238
268
285
279
268
291
262
270
281
248
282
234
267
343
255
256
250
284
264
263
262
254
268
