360
342
246
347
239
338
346
198
201
194
336
204
827
188
196
192
314
243
368
347
354
364
236
184
195
204
329
202
186
219
215
221
280
348
335
318
268
280
323
188
844
208
240
289
337
329
345
235
352
312
306
336
353
430
353
224
351
341
321
249
322
179
343
171
205
351
202
697
206
193
196
342
249
353
284
385
344
207
206
360
208
699
186
202
170
369
258
295
347
330
347
237
345
278
339
348
300
238
342
253
393
330
281
330
331
292
300
225
177
204
348
227
383
189
341
312
322
193
676
239
186
341
350
186
211
339
218
296
287
327
295
187
228
221
309
304
178
716
144
239
318
341
225
214
162
177
143
182
173
189
191
213
286
209
255
294
208
275
289
245
320
336
312
192
743
240
300
292
199
340
318
201
287
313
317
219
303
306
325
198
171
181
312
313
339
390
345
294
316
318
183
308
290
228
317
227
298
295
332
205
