223
192
189
185
185
190
195
179
241
192
380
171
331
189
183
186
301
214
194
176
199
219
190
180
188
212
203
193
324
324
257
229
231
322
346
189
179
230
193
377
330
240
222
244
235
227
193
189
193
183
186
191
184
196
189
182
279
184
196
188
192
188
181
199
196
198
222
330
191
269
249
268
202
268
201
206
218
246
209
334
217
218
175
181
240
319
201
243
200
203
193
334
160
202
199
200
202
198
203
192
183
197
185
246
344
198
327
342
198
265
320
186
198
208
205
197
191
212
206
197
201
194
191
197
188
202
198
207
195
187
213
245
213
347
316
173
337
248
209
167
172
281
256
209
309
180
169
292
151
197
173
291
172
198
168
206
154
217
202
216
177
194
168
207
179
198
188
210
182
219
174
214
155
173
176
168
173
131
133
177
182
160
176
182
182
181
155
157
180
159
166
168
185
179
174
203
166
214
185
210
