282
287
279
297
208
251
221
284
281
305
290
291
215
212
291
283
287
14320
245
294
284
216
258
178
186
170
296
209
299
330
214
167
283
214
281
217
173
174
280
135
270
251
224
175
167
246
155
264
225
241
177
238
249
237
247
241
227
178
241
231
223
247
235
222
233
234
226
233
174
231
253
177
244
236
232
354
246
178
224
190
248
232
235
166
196
228
136
233
239
239
178
209
233
237
224
226
177
234
236
176
236
238
227
179
248
240
133
223
234
166
175
239
247
250
122
236
241
225
232
243
230
202
170
236
234
162
225
230
236
243
154
153
252
163
232
174
234
278
171
143
140
245
172
253
234
160
142
134
243
174
235
238
219
250
232
166
209
228
240
243
169
227
249
271
254
248
282
184
225
249
230
241
227
168
212
252
224
236
233
166
233
237
256
554
245
145
232
227
248
233
168
166
247
229
232
152
173
813
173
172
