1663
1473
1613
2084
1653
1513
1964
1523
2365
1743
1863
1794
1743
1623
1463
2495
1483
2846
1693
1603
1633
1794
1833
2174
1713
1533
1683
2104
2134
1613
2195
2014
1472
1934
1783
2014
1633
1984
1824
1753
1723
1834
2094
2464
1743
2043
1603
1974
2094
1984
2004
1583
1663
1984
2374
1663
2154
1743
1853
2394
1783
1653
1623
1804
1783
1913
1683
1903
1533
1984
1653
1663
1423
2164
1884
1664
1923
1844
2305
1864
1773
1633
1383
2054
1703
1784
1543
1593
1883
2184
2074
1523
2164
1793
2024
2024
1874
1984
2034
2104
