2054
1693
1403
1392
2144
1674
2024
1322
1593
1613
2686
1773
1353
1152
1493
1914
1502
1252
1734
1242
1613
1302
1603
1543
1283
1713
1623
2575
1934
1402
1643
1413
1393
1994
1703
1513
2004
1853
2094
2485
1943
1122
1864
1223
1934
1352
1513
1152
1643
1503
2445
1402
1703
1553
1924
1293
1293
1733
1674
1653
1904
1553
1512
1182
1853
1382
2134
1773
2074
1282
2815
1393
1583
1694
1493
1753
1593
1974
1884
2024
1674
1994
2214
1713
1974
1853
1203
1553
1774
1874
1492
1543
1784
1934
2134
1583
1963
1854
1272
1683
