245
240
257
239
231
229
246
253
244
249
224
260
267
242
225
259
246
267
235
247
237
224
252
245
233
237
225
243
238
256
260
217
253
245
229
261
236
236
220
246
265
249
226
235
271
226
271
218
256
221
251
243
258
246
222
249
233
232
244
251
289
280
254
240
230
271
259
256
220
223
252
252
254
260
221
271
238
226
234
221
242
238
248
244
259
248
237
229
255
252
242
382
252
252
252
245
239
246
184
255
251
228
254
240
267
245
255
230
227
241
234
233
251
244
259
234
247
261
232
226
247
238
232
219
246
247
252
265
248
241
253
159
243
245
179
259
184
221
264
176
267
185
253
167
239
189
248
162
238
243
189
167
220
251
241
229
253
229
263
250
263
250
268
251
255
258
220
236
255
244
240
254
252
224
245
224
225
263
259
257
256
244
244
242
225
242
266
219
268
235
263
239
255
247
246
232
252
255
260
236
