290
300
282
302
306
213
274
204
288
172
278
271
313
207
222
208
210
286
280
270
284
265
257
284
285
283
154
296
171
276
279
265
173
279
256
277
213
267
202
295
231
272
288
289
221
280
200
270
189
259
299
291
235
183
642
212
224
288
202
265
196
281
315
253
293
292
282
196
276
260
293
206
274
200
286
263
257
285
306
270
177
270
203
315
294
294
330
323
320
249
323
247
308
333
301
317
312
263
313
301
244
319
235
281
229
317
235
367
331
237
303
240
294
241
317
295
412
308
303
209
307
308
318
245
312
243
324
232
340
326
308
318
299
214
313
287
305
230
311
240
328
220
307
299
303
319
334
322
300
226
267
307
247
243
226
240
315
321
337
327
303
314
758
196
315
194
274
297
314
301
233
312
223
318
238
316
331
321
211
279
329
286
300
315
317
319
342
180
323
337
311
337
241
266
311
317
305
321
312
321
