304
152
218
278
180
298
167
297
177
725
217
286
292
726
214
222
305
273
697
180
703
291
281
179
276
169
315
299
368
269
221
301
215
262
358
215
378
297
293
179
304
293
290
294
209
705
177
286
205
308
201
310
279
290
211
267
216
283
280
289
199
177
279
215
288
253
304
294
236
222
294
304
716
233
264
176
176
278
694
150
222
311
191
284
295
313
215
281
304
306
312
170
298
285
299
254
166
165
162
222
175
306
277
234
292
332
192
325
332
727
287
283
347
165
189
172
309
222
289
292
748
716
163
321
307
218
248
175
177
327
307
308
318
174
218
210
321
313
295
278
298
328
313
147
170
316
314
316
328
298
334
228
246
206
309
320
193
221
244
283
304
705
143
307
335
327
380
308
215
198
293
295
273
296
299
237
285
780
162
757
139
240
306
324
788
204
842
333
307
251
320
169
217
169
232
226
308
296
237
320
