257
377
241
365
357
238
209
939
201
251
377
361
371
248
218
342
259
319
274
214
959
180
253
345
343
281
196
221
338
264
206
206
332
250
347
245
366
270
304
356
352
183
360
292
331
169
171
318
302
200
313
309
220
396
301
268
310
190
299
284
219
303
209
291
175
200
312
241
303
225
278
230
280
184
319
307
176
175
181
293
187
176
179
294
175
684
181
273
224
313
266
188
177
181
307
301
304
176
685
166
184
293
272
183
216
299
320
200
310
288
305
302
290
275
247
166
744
182
319
314
172
316
174
311
303
305
195
300
175
223
303
303
203
301
291
226
168
163
182
278
225
315
332
221
234
304
186
300
373
241
291
289
295
328
339
237
190
837
334
248
201
195
308
311
331
202
330
197
256
311
325
218
348
347
225
187
184
185
313
318
322
186
233
325
318
263
304
240
195
317
184
188
194
319
323
233
287
327
241
285
