206
172
279
207
264
200
283
285
280
287
197
287
277
161
167
279
274
330
281
195
188
262
169
289
261
169
193
280
296
225
277
189
251
265
273
195
205
273
273
255
276
173
677
121
175
162
151
313
270
170
334
180
744
239
311
317
279
301
341
242
308
286
342
313
282
249
303
316
250
290
238
311
229
311
285
211
318
314
333
224
292
218
307
308
299
165
180
192
322
177
192
176
317
194
168
169
314
187
186
205
255
183
192
198
306
234
296
348
190
182
307
305
190
306
297
327
181
300
181
181
307
178
771
197
182
322
328
317
322
286
247
326
327
181
306
179
290
334
195
241
319
297
304
310
220
309
327
322
299
251
395
345
222
186
284
185
184
324
236
317
335
238
300
345
344
265
347
335
208
204
196
340
189
200
187
351
236
196
198
344
238
333
353
190
335
206
194
336
343
334
193
275
809
216
193
346
319
322
199
192
