373
252
327
356
315
329
291
219
214
314
259
340
243
377
343
303
293
346
357
323
323
307
346
316
323
301
188
254
212
247
206
248
335
327
336
313
356
320
310
327
288
313
282
308
306
229
249
306
247
315
349
332
346
256
346
180
333
231
369
296
297
338
306
327
244
331
244
313
318
294
334
446
319
303
339
347
309
235
319
234
393
190
317
344
233
300
306
809
192
765
807
277
364
344
213
331
348
342
341
270
145
188
807
243
193
342
340
819
303
255
225
348
305
314
317
330
247
316
200
310
321
336
232
349
348
273
299
353
313
332
294
344
325
324
226
314
298
324
252
318
339
344
235
468
314
331
857
336
248
237
315
340
329
361
321
334
297
318
329
345
338
208
341
285
344
324
326
352
320
240
316
245
332
348
312
310
302
245
371
250
328
315
305
304
213
207
323
324
308
283
336
179
192
796
174
193
343
324
228
348
