2345
1583
1543
2165
1964
1373
1293
1694
1463
1613
2084
2034
2195
2234
1803
2124
2505
1914
2244
2184
1714
1924
1813
1733
1954
2825
2354
1833
1643
2084
1623
2054
1634
2034
1993
2344
1893
2214
1964
2274
1734
1453
1944
1653
1743
2014
1743
1983
1833
1673
2274
1973
1624
1924
1994
1683
1773
2424
1793
2114
1713
2004
2215
2104
1743
2034
2144
3236
2254
1953
1783
1503
1633
1933
2004
2354
1994
1673
1833
1323
1633
1743
1653
1903
2074
2144
1453
1903
2474
2154
2024
2094
1754
2164
1883
1553
2044
1583
2094
1833
