206
240
254
328
328
191
317
196
357
324
235
305
242
227
316
218
331
320
762
285
944
200
232
361
205
436
362
326
327
181
320
369
229
357
327
296
355
302
359
278
873
195
208
363
336
202
219
335
259
320
305
415
319
330
322
274
330
341
323
335
240
259
270
254
883
208
338
249
366
327
346
355
214
385
335
360
326
244
339
325
320
251
374
358
237
200
303
302
249
837
178
199
332
208
193
341
346
175
312
319
201
316
245
357
335
353
321
231
256
229
333
203
187
335
240
339
325
354
340
282
248
306
291
250
331
242
360
340
223
260
246
243
327
339
225
247
347
314
196
405
200
195
329
189
342
197
785
251
185
204
343
194
200
348
223
312
348
325
356
199
326
195
315
327
253
302
246
300
285
350
373
289
220
728
334
254
192
190
194
337
243
327
293
325
294
195
174
325
195
294
284
299
196
248
250
201
326
208
247
327
