192
192
330
312
310
325
220
304
163
184
183
304
350
293
226
186
312
316
174
304
303
298
302
160
171
241
209
194
304
172
290
173
267
169
287
310
279
188
163
310
292
164
169
295
284
211
191
286
215
279
163
285
279
342
199
283
314
280
160
184
173
282
290
278
258
216
170
281
279
146
204
290
182
216
179
165
165
301
208
206
168
316
315
268
291
254
181
168
207
162
204
209
284
215
193
245
292
206
269
141
310
297
151
209
300
341
296
266
198
218
165
175
163
169
168
310
167
165
164
167
291
294
200
270
194
322
322
231
312
184
314
294
340
336
178
308
300
236
223
308
220
218
208
305
316
329
218
318
298
308
284
227
177
278
300
322
282
203
177
320
314
318
289
218
170
296
336
330
219
304
183
303
250
199
181
191
308
298
175
213
176
228
179
198
313
334
213
179
298
306
177
165
327
178
158
179
187
179
314
302
