223
356
238
300
299
218
311
245
315
279
213
317
213
264
304
282
296
281
279
329
300
280
279
216
329
310
299
303
285
302
316
304
219
308
298
310
294
295
291
287
294
306
289
155
352
211
294
338
305
322
287
191
308
299
331
385
307
309
320
306
217
314
233
313
300
330
282
315
282
294
297
174
303
292
311
233
325
231
320
218
203
322
228
231
316
305
302
296
281
305
228
375
294
240
298
303
349
320
312
311
299
305
294
225
335
217
276
295
308
208
292
292
297
308
212
320
216
247
325
210
303
293
293
286
302
314
320
271
282
305
291
297
161
300
216
276
313
281
295
219
301
313
366
287
342
219
302
210
333
291
281
308
282
211
293
289
237
270
279
325
279
217
286
229
216
301
304
292
277
283
272
259
304
291
340
275
294
212
325
221
233
314
364
276
324
234
310
330
318
297
308
276
297
292
294
286
285
313
287
299
