254
346
365
256
277
297
255
334
334
367
208
266
209
364
335
205
329
318
360
326
209
209
829
187
303
327
245
348
195
355
354
333
317
194
280
256
349
321
252
340
348
218
206
359
250
339
334
339
199
344
201
202
381
262
356
221
365
341
355
230
272
329
256
290
209
245
206
349
198
261
338
358
228
193
364
325
185
337
370
219
219
348
342
183
249
365
338
345
246
284
335
299
271
200
196
198
348
211
252
347
345
361
339
316
320
251
341
331
195
201
855
209
800
198
273
323
212
333
285
296
305
244
238
307
270
291
318
177
231
202
303
299
305
293
225
218
289
218
314
309
178
176
295
215
220
293
297
299
257
175
276
317
293
261
299
332
290
210
298
276
220
284
163
178
188
305
193
319
167
216
198
299
289
311
333
310
142
659
156
310
315
219
265
284
218
176
235
657
234
318
295
340
293
303
293
308
285
303
194
325
