174
186
160
151
143
260
156
226
250
244
232
180
147
150
226
161
144
137
283
144
253
245
189
702
133
170
264
164
233
142
299
251
183
255
265
184
219
237
165
350
256
264
149
148
298
149
189
262
230
220
218
263
147
149
187
188
235
240
152
155
171
185
197
164
256
359
369
345
262
245
218
356
314
252
260
211
352
351
200
336
341
306
249
353
220
317
334
246
280
203
210
364
195
260
354
195
220
195
348
206
246
346
194
239
358
171
197
353
204
244
362
189
261
242
358
220
337
338
327
208
193
249
253
368
342
354
254
287
365
383
254
868
198
830
179
249
348
333
348
338
274
253
359
229
363
386
208
205
364
197
249
244
354
338
338
331
340
241
836
338
843
211
208
350
202
314
337
336
342
213
355
345
254
332
333
356
252
859
197
343
323
159
339
396
351
244
346
346
356
346
200
168
271
190
335
324
196
209
311
182
