2043
2144
2053
1703
1733
1834
1533
2114
1423
2104
2024
1884
1844
1433
1843
1824
2114
1683
2605
1594
1783
1583
1533
2054
1944
1884
1754
2024
1663
2274
1984
2174
1863
1884
1894
1833
2234
2184
1763
2505
1764
2134
1793
1993
2575
1914
1813
2484
2144
2244
1743
1723
1894
1964
2134
1362
2144
1893
2314
1893
1393
2134
1753
1673
2104
2004
1633
1563
2044
2194
2214
2054
3307
1633
1944
2324
1673
2054
2234
1653
2054
2234
2044
2535
2304
2505
2365
2395
1804
1633
1764
1983
2474
1894
1543
2124
1793
2134
2024
2435
