314
258
239
245
227
243
310
316
214
199
298
291
203
377
307
314
297
308
301
304
302
290
294
285
216
297
299
287
295
319
283
313
294
293
246
324
223
305
314
284
279
304
194
304
226
269
303
300
184
312
235
295
281
297
351
305
217
305
209
296
208
314
311
283
281
326
273
313
318
311
188
236
310
302
234
375
49239
299
225
291
222
234
310
231
301
274
180
246
325
328
223
286
295
306
292
317
309
300
313
297
274
291
277
238
319
234
306
288
318
286
303
307
295
292
298
291
303
314
313
291
294
301
316
291
308
297
288
325
315
234
306
280
301
297
296
299
303
281
316
304
316
300
297
287
310
302
314
303
290
290
299
295
298
284
301
297
317
298
357
293
303
277
273
291
289
275
306
284
283
294
282
299
275
294
299
293
282
251
311
302
323
300
303
306
310
293
273
302
291
272
337
315
313
317
326
288
311
306
279
303
