902
771
1153
521
1031
811
972
631
681
1132
862
1172
1173
701
1172
882
1011
632
901
601
460
842
1392
752
1052
821
1002
921
1363
852
741
1062
1342
861
551
661
200
1313
1413
701
1112
521
391
842
942
882
651
1182
1954
1192
952
841
992
972
742
220
1032
491
1313
722
330
822
881
1082
1062
1854
1042
1703
1623
711
1192
862
832
350
682
551
932
911
852
791
711
642
761
551
842
692
1112
842
1663
952
611
521
962
1162
591
682
852
782
902
711
982
301
521
801
611
921
1513
441
581
822
731
661
1032
991
851
291
932
922
962
691
