1092
1413
641
320
461
511
441
1122
1062
1032
250
1143
852
872
1182
641
341
831
501
812
561
1102
1042
851
1503
942
1092
972
1383
581
712
611
421
942
281
1262
751
691
300
1673
531
902
751
491
692
922
511
501
891
1513
360
872
1162
872
1503
1422
922
582
531
972
1303
1232
1102
961
842
622
511
471
341
411
441
602
781
381
1332
861
942
661
982
1092
1593
712
922
572
1173
421
772
361
842
892
1002
912
761
871
952
1433
1643
882
410
671
732
461
802
371
1263
742
551
942
401
551
1533
861
1173
772
351
811
931
972
360
852
