263
168
269
218
306
338
260
323
197
324
349
362
205
247
180
160
241
195
340
368
243
244
352
206
835
371
257
214
314
248
264
339
341
330
159
302
308
214
299
179
182
173
310
307
306
206
232
166
309
235
223
285
174
174
238
297
313
315
201
224
179
185
293
284
303
311
302
244
336
305
268
175
214
304
219
190
307
287
278
295
234
182
294
304
211
293
322
238
173
179
302
293
220
182
296
315
290
187
219
186
221
234
175
176
172
159
218
351
173
179
172
302
282
306
282
303
220
175
715
159
188
176
182
294
300
312
290
294
231
179
224
206
308
215
220
185
223
326
223
343
177
313
314
316
321
222
309
305
228
306
248
173
183
189
311
290
318
302
310
222
326
262
137
227
217
246
191
315
308
362
302
219
267
299
335
233
192
176
236
223
157
288
313
205
177
183
307
317
293
348
196
209
175
178
293
318
310
303
311
225
