1082
1363
1302
1172
1052
531
832
1041
301
811
672
1213
642
260
632
1753
831
551
571
972
1252
791
942
852
1232
291
491
301
491
221
551
942
571
510
832
702
952
1152
340
1322
1122
911
581
1844
1022
1092
702
1012
601
701
460
491
421
861
812
772
260
762
551
1343
961
1022
921
1373
1362
1143
661
601
592
1021
1463
782
1032
961
1072
1002
611
1333
1473
1032
771
561
792
1072
330
902
911
441
1173
831
792
281
451
952
1092
631
1292
350
341
201
1072
1182
1072
1353
721
1202
732
1022
270
280
952
731
321
832
1112
1132
1463
841
360
260
