310
170
254
199
196
303
309
327
232
242
325
310
175
235
322
300
184
188
326
802
149
753
184
316
340
285
175
376
287
316
208
233
292
314
337
190
302
289
293
247
185
181
320
209
195
247
319
305
316
186
175
311
293
301
163
187
320
201
320
295
319
201
193
761
247
198
193
222
234
306
193
296
301
178
217
198
215
303
195
741
174
184
207
316
354
186
188
338
174
298
314
233
179
290
238
209
269
319
339
256
299
193
339
323
210
316
335
229
176
319
345
169
737
248
181
304
363
177
744
250
181
160
334
220
298
337
322
178
301
338
187
196
338
176
717
215
179
173
261
221
338
229
173
296
332
334
260
198
321
183
218
340
254
186
197
228
225
321
300
222
184
302
317
260
310
310
252
276
312
184
296
180
237
330
337
246
304
308
234
321
182
247
311
307
223
248
321
329
221
318
336
240
310
311
229
290
341
250
268
310
