2365
2315
2575
2074
2044
2124
2695
2204
2444
2795
2795
2013
2274
2354
2384
1884
2074
1823
2565
2275
2605
2514
2305
1973
2034
2876
2245
1903
2444
2244
2064
1943
2205
2545
2485
1934
2194
2074
1723
2474
2144
1924
2284
3156
2425
2615
2174
2395
1573
2244
1934
1393
2955
2414
1803
2745
2845
2745
2414
2344
2315
2214
2365
2013
2155
1703
2254
2114
2164
2455
1703
2084
2465
2145
2415
2284
2635
1703
2705
2285
3327
2305
4028
2014
1403
2254
2034
1773
1893
2204
2384
2034
2575
2455
2374
2174
2405
2405
2344
2315
