2885
3036
2555
2615
1954
1903
1593
2064
2505
2555
2375
2194
2725
2355
2856
1644
2675
2124
2014
2374
2354
2495
2244
2184
2204
2434
2716
2425
1873
2825
1994
2364
2004
2154
2555
2224
2185
2174
2565
2124
2104
2665
1713
2255
2365
2215
2484
2365
2405
1913
2234
2785
2404
2625
2284
1844
2324
1493
2685
2515
3026
2344
2905
2144
3086
2254
2305
2504
2765
2314
2534
2926
2715
2014
1603
2575
2445
2384
2494
2445
2164
2394
2134
2274
2325
2574
2515
2375
1903
2014
2465
2444
2204
2264
2334
2385
2605
1934
2735
3216
