2695
1773
1724
2124
2144
1883
1984
1983
2164
1513
2354
2214
2665
2124
2485
2154
2124
2264
1493
2034
2104
2134
2084
2255
1864
2064
2545
2034
1974
2465
1814
1563
2545
2294
1964
2314
2294
2054
2214
2515
2134
1784
1543
1863
2235
1973
2464
2004
2164
2004
1453
2024
2184
2485
2265
1973
1954
2204
2214
1693
2275
2294
1963
1703
1893
1743
2004
1743
1884
2234
2234
2044
1974
2054
1883
1923
1893
2294
1923
2404
1883
1683
2023
1884
1793
1724
2094
2294
2074
1853
1684
2345
1573
1834
1693
1954
2184
1833
2165
1974
