2334
2905
2454
1934
1763
1453
2335
1583
2014
2134
1933
1834
2615
1853
2084
1643
2425
1853
2094
2024
2305
1462
1854
1823
1964
2635
2235
1954
2395
1784
2194
1983
1893
1793
1774
2194
1864
1613
2394
2154
2224
1694
2705
2444
2806
2535
1904
2285
2043
2555
1984
2785
1774
1823
2354
2234
2134
1974
1944
1984
1954
2255
2154
2304
1693
2295
2544
2004
1433
1733
2034
1814
2535
1904
2545
1723
1904
1753
1803
1854
2455
1954
1743
2054
2274
1483
1984
1813
1984
2865
1834
2114
2023
1512
1933
1843
2525
1924
2024
2214
