561
320
481
621
410
391
1082
861
631
2174
1112
982
1263
1092
1152
1062
441
712
551
301
892
992
1313
852
942
962
330
942
811
1132
711
410
852
321
471
260
982
922
621
1052
832
1203
1242
662
701
661
451
1423
722
1403
631
330
401
1082
1072
1213
812
1283
782
621
1353
852
861
330
1193
771
391
651
531
872
451
891
1182
612
291
762
1142
1052
992
1082
801
651
1383
370
922
752
782
1002
1483
691
441
361
1041
661
721
1062
802
872
1362
651
621
541
1082
1493
1032
1062
802
1002
851
231
681
581
952
441
471
541
601
1643
581
1683
