235
272
374
219
217
200
358
353
406
202
196
210
201
211
200
337
359
327
340
339
337
257
350
203
264
319
226
208
338
172
193
336
328
202
336
204
212
206
361
306
340
209
190
309
239
174
177
197
216
303
227
310
298
299
303
285
180
171
288
209
178
332
199
171
179
202
282
223
219
174
177
183
224
303
171
172
169
211
291
181
171
179
305
245
298
311
294
172
190
292
174
284
294
216
316
183
173
220
296
176
182
290
301
291
181
177
293
306
304
218
291
211
171
170
175
303
283
286
302
286
296
173
300
293
292
305
216
288
165
290
220
173
163
169
176
162
175
220
280
170
273
296
300
166
164
173
175
171
290
156
172
212
275
205
293
294
292
164
293
270
290
267
311
178
238
176
197
171
172
300
281
331
305
172
300
175
296
156
202
167
209
168
337
298
276
301
282
277
213
212
216
167
298
287
229
172
227
293
182
299
