2144
2134
2655
2094
2355
2174
1934
2434
2164
1853
2324
2114
2465
2404
2414
2525
2765
2334
2635
2565
2274
2474
2044
2355
3256
1873
2354
2084
2305
1573
2385
2455
2515
2134
2174
1874
2504
2915
1643
2254
2024
1883
2124
2023
2435
2275
2325
2034
1944
2595
2334
1934
2094
2495
2234
2475
2285
2505
2304
2094
1844
2064
2595
2034
2585
2715
2354
3125
2224
2405
2735
2114
2033
2395
2364
2485
2014
1724
2425
2395
1934
2555
2344
2345
2615
2855
1813
2184
2154
2474
2003
2325
2364
2074
2194
1814
2114
2304
2625
2094
