217
184
209
170
165
172
206
311
284
181
281
161
178
241
278
211
174
209
283
212
165
214
276
209
179
212
167
169
173
211
305
175
288
186
310
299
197
228
308
191
194
224
323
212
296
235
181
303
179
188
226
297
234
183
233
308
221
228
302
178
186
229
320
188
180
225
305
171
238
254
232
194
176
269
313
222
177
230
306
289
188
298
191
182
222
292
229
178
228
304
190
174
293
288
233
174
239
335
225
182
173
236
179
255
190
388
257
231
179
299
339
301
196
217
249
194
334
240
236
198
328
310
197
208
230
314
231
186
325
201
318
277
185
310
249
168
170
315
236
232
324
291
262
204
322
293
192
188
240
333
238
208
333
203
182
225
289
243
211
258
202
231
191
182
188
240
181
192
200
188
192
388
199
223
197
240
164
162
161
151
181
281
194
157
191
166
268
143
152
200
258
199
160
276
139
195
158
159
313
200
