269
194
229
310
208
362
348
266
200
270
208
253
354
358
251
252
219
359
264
329
199
260
367
351
417
252
368
250
209
218
208
272
365
358
355
255
243
215
344
348
325
319
183
208
362
263
360
338
242
213
200
350
338
352
345
196
189
217
208
334
350
347
185
340
254
323
241
255
203
193
354
320
352
227
210
209
211
201
196
334
330
340
245
235
240
206
197
334
325
345
344
236
372
207
435
213
321
317
324
333
332
316
237
341
209
419
346
204
334
231
326
365
247
237
189
331
237
351
241
201
182
182
205
330
387
322
234
189
262
313
328
371
224
325
194
185
189
185
189
316
334
314
311
191
188
178
189
330
322
352
227
196
321
318
330
371
155
210
315
264
192
189
304
342
363
234
193
319
316
217
184
202
232
264
333
318
232
333
244
185
313
229
313
231
247
221
321
319
219
350
272
170
190
182
283
338
318
270
183
348
