307
282
298
251
281
292
221
248
273
294
304
271
282
277
293
268
294
287
291
272
280
187
288
212
285
207
210
278
217
270
283
255
273
266
263
274
288
336
285
292
279
260
310
258
300
268
268
284
277
196
357
208
257
276
265
349
285
273
296
290
259
283
303
296
283
281
313
190
297
297
285
290
263
282
207
269
222
285
293
224
335
211
203
190
282
273
313
222
265
213
288
206
253
296
288
288
278
310
317
332
306
326
313
318
296
310
320
318
329
302
324
314
320
311
320
312
303
318
308
306
298
298
286
311
302
301
310
315
306
285
311
310
292
339
292
334
317
317
313
292
314
289
301
269
304
223
215
294
314
302
288
285
294
301
288
290
294
310
300
311
228
399
301
302
320
278
301
337
250
249
220
296
234
333
323
322
299
287
295
313
229
313
222
312
212
305
242
296
232
311
309
312
312
317
308
292
305
285
300
297
