226
225
218
290
318
275
319
319
300
307
323
328
300
229
315
324
306
295
276
301
279
296
281
289
297
318
299
306
300
207
313
291
309
225
320
226
304
781
170
340
324
278
281
313
312
292
313
278
235
288
283
229
307
222
320
305
330
348
312
295
313
338
318
257
280
210
314
321
303
287
309
278
286
324
314
312
204
283
311
266
308
293
800
301
289
725
254
289
280
300
292
289
209
228
225
202
284
282
277
288
313
290
292
320
217
310
344
763
305
298
792
171
314
191
261
310
288
280
384
172
304
160
270
334
320
191
316
240
327
321
240
313
329
238
313
263
339
220
334
233
318
321
307
320
293
303
315
311
308
311
301
327
310
339
309
314
312
224
315
6052
374
309
312
304
298
316
298
302
291
324
203
336
302
326
357
293
352
232
254
318
302
321
304
235
326
233
283
329
307
315
314
195
329
310
307
319
239
314
299
185
