185
241
180
251
273
247
260
262
246
253
270
250
269
246
241
250
260
308
251
283
257
253
297
239
257
247
254
266
268
256
174
263
188
246
197
187
255
268
254
264
253
271
244
268
258
260
274
254
257
247
271
267
252
248
245
255
257
241
251
244
265
261
271
254
281
242
265
281
249
250
263
252
248
256
247
255
222
258
201
252
194
188
248
181
256
245
250
255
252
250
259
266
259
269
245
243
260
247
245
255
275
255
257
245
254
250
266
258
246
262
265
245
251
245
262
263
243
259
274
243
253
245
244
262
245
251
252
256
249
284
282
277
286
263
279
272
272
274
277
311
257
258
299
265
256
262
275
266
273
307
371
264
285
205
264
226
283
190
264
268
268
319
264
265
407
315
272
201
265
194
233
258
190
325
268
279
270
271
262
274
260
259
259
266
287
286
216
260
194
283
191
294
281
417
271
272
264
268
262
269
