199
141
159
166
280
281
263
168
204
285
207
182
300
247
183
272
281
278
204
156
287
290
268
272
139
157
157
287
266
221
268
220
266
172
162
200
274
201
276
272
251
167
171
180
160
159
174
270
263
316
276
197
270
170
171
154
170
274
282
263
194
215
185
318
162
228
179
198
183
177
190
183
181
165
174
311
316
291
272
219
304
202
191
297
306
366
360
221
181
306
306
186
322
219
298
229
316
246
208
296
169
187
248
178
162
193
168
189
177
177
181
182
184
182
177
298
296
290
297
218
321
155
300
183
228
308
288
297
224
311
167
233
214
217
291
180
280
214
164
217
206
297
178
182
309
216
295
171
165
199
279
299
281
171
171
175
279
273
286
284
131
166
183
167
168
165
163
277
279
298
274
174
158
262
278
278
299
157
639
284
203
307
209
292
197
209
271
143
159
227
165
193
270
348
276
172
158
165
162
164
