310
541
1513
501
1342
451
771
360
240
611
921
1082
752
1022
1112
411
1152
862
1222
331
491
711
671
972
1163
912
701
301
501
1072
852
411
411
872
732
381
771
210
671
1483
872
782
361
661
861
230
1242
511
501
932
1362
941
731
410
1413
802
752
350
842
241
1402
972
400
391
561
1112
281
391
210
1122
792
782
411
410
211
761
672
230
721
281
521
762
1112
240
291
1242
250
230
220
561
701
691
1242
1163
1774
1002
421
391
962
531
992
321
381
691
802
561
1453
471
341
391
240
591
802
440
881
621
1061
721
341
842
