13415
12634
13145
13886
13185
19567
13315
14778
12644
12905
14216
13285
13666
13055
16601
13114
12874
13456
13074
13104
12944
12945
12914
16882
12864
12874
13866
13886
19527
13005
12864
13105
35497
12975
13415
12875
13505
13065
13085
13035
13736
14077
16320
13065
12945
12975
14968
13065
13225
13035
13095
13014
16150
13575
13174
13595
12684
13084
12964
13996
12884
13155
19367
14747
13425
12544
13846
12815
12834
19717
12824
17382
13415
13055
13515
13175
13155
19547
14106
14838
13055
13946
13194
12894
12654
12914
12583
14868
16932
13115
16531
12854
14708
13015
17452
13335
16351
13345
14788
13255
