44554
44123
63890
57508
50615
44975
43972
45025
44023
44323
46567
44574
63029
59411
43692
60013
49232
66174
44263
44814
43883
43922
44804
44664
50395
45285
50395
44193
50525
44143
44754
44023
44875
44924
50715
50615
67637
46748
65573
43972
44343
45015
58841
59612
44384
43802
44303
44193
44974
44264
63058
44383
47930
50295
65633
57077
49092
49744
44113
46217
49503
51126
43933
50565
122660
50304
44454
48591
48401
55765
44374
47960
44734
44524
44784
43612
45034
56225
44413
44664
44323
43421
66745
48161
44664
47540
43562
47820
44383
59422
45355
45375
44263
43551
44904
47940
50705
51546
47790
43972
