17342
17753
26119
17353
18645
17563
17222
26239
17764
17853
22693
18004
18044
17704
17402
22853
23344
17192
17363
19116
17623
17062
17573
17703
18285
18285
17704
17373
17543
18345
17273
17222
25949
18104
26139
17413
17192
20298
18245
17844
18605
17733
19797
22252
26590
17603
17392
17684
17613
17463
19987
17663
17993
18715
18605
25899
18605
17332
22151
26550
26029
17673
19397
17613
24315
19697
19106
26199
26109
17634
17653
17092
16992
26159
17372
26510
19106
17002
17473
17493
22723
17513
17533
17633
17643
17483
25999
26430
17413
17753
17803
18465
18064
18695
17433
22692
26580
26249
17393
17603
