10530
10490
8526
8806
8446
12574
8526
8326
8396
8676
8656
8436
8767
8586
8326
10380
8566
9097
8485
8666
10500
10530
8516
8726
8547
8516
8326
8466
9187
8967
9147
8556
8756
8396
11531
8536
8426
8676
11342
9328
11241
10320
10920
8736
8747
8716
8406
11472
9027
8376
11181
8546
8356
10619
9007
8305
8516
10440
8415
8566
8646
8295
8536
8646
8897
10450
8636
8596
8416
8576
8486
8767
8536
8386
8586
8436
8556
9557
8426
8506
9157
8416
9408
8837
8556
8376
10440
8997
8566
11231
8586
8566
10930
8927
8366
8556
11642
8887
8466
10400
