49593
46156
43321
43602
44554
42941
47559
65263
43601
42800
43231
43792
43842
42780
43321
65683
42711
44153
46176
43411
43481
42830
43581
44895
43502
59431
44002
47890
45335
43401
49413
42871
43532
55344
65934
47830
43352
53601
44022
43101
55374
50034
42660
43151
43772
43712
64552
43542
43352
45836
43282
48001
43551
43852
43602
44424
44113
43632
50134
44794
42850
43512
49423
43592
42890
56736
43221
65974
48330
43542
44153
64661
65913
65312
63148
43030
46798
64802
58169
44263
48070
49883
43021
64701
45766
44153
43381
43772
46257
49393
48701
43532
56877
43582
43982
43011
43121
43311
64070
43722
