6462
8025
6713
6582
6532
7073
8326
8075
8215
6402
8396
8295
8385
6623
6823
6543
8125
8135
8225
6733
7975
6502
6402
6632
7915
8135
6422
7985
7955
8135
8185
8105
8116
7925
6502
6412
6432
6632
6603
8266
6553
8416
6492
8146
6512
6502
6493
6633
6593
7965
8165
6582
8145
6432
8416
8265
6542
8316
6392
8076
8155
6683
8195
6572
6612
8375
8005
8185
8165
8175
8426
6422
6482
8115
6633
8095
8095
8195
9127
7985
8095
6653
8085
6522
8266
6592
6763
8176
6492
6652
6472
8196
8015
6432
8837
8376
6512
6522
6472
8586
