46217
41207
46878
40767
40526
40936
41588
60473
42780
51146
41668
40235
42950
46256
40416
40877
41248
40836
41358
46597
40766
40787
40345
40616
46146
42680
41278
40255
40506
46007
61094
60684
42380
40236
41057
45786
46497
46206
40235
46908
40887
40315
40836
40185
46347
40847
50535
40476
46527
43312
40916
41829
46517
44383
40416
44112
41107
57779
54513
46578
41448
41277
61224
40776
40767
43000
46878
40716
46357
57298
40266
40045
45555
40786
51046
40957
41017
42059
40656
40405
46677
41128
40916
40816
40526
40566
40346
41969
46978
40777
40065
40476
54472
39955
40917
41007
41197
41148
40576
46176
