5009
5139
6382
6783
6372
6432
6382
6422
5270
5199
6593
6472
6362
6342
4989
5120
6322
6181
5249
5029
6222
6773
6482
5190
5490
6613
5140
6553
6332
6362
6342
5119
6582
6222
6472
6292
4910
5190
6302
6412
6562
6782
5150
6583
4949
6372
5140
6432
6392
6532
5200
6593
5229
6442
5110
6412
6342
6282
6563
6512
6412
6413
6292
6642
5039
6522
6552
6392
5250
6482
6342
6342
6512
5180
6312
6292
6412
5099
4989
6522
5079
6432
6673
5140
6352
5109
5179
5049
6472
5109
6322
6242
6512
4999
6272
6352
6372
6372
6693
5019
