6022
7715
5982
7654
6161
7524
7855
6202
6162
7585
6161
7524
5982
6242
7795
6382
7604
5971
7614
6061
7624
7664
6202
5951
5991
7784
7484
5951
7514
6362
5931
7604
6032
6092
6131
6091
7664
7775
7845
7644
7634
6251
7804
7565
7434
7584
7585
7444
7715
7564
6221
15649
7744
7364
7554
7524
6252
7514
7835
6001
7674
7945
7665
6192
7795
6131
5961
7775
7665
6112
7845
6192
6212
5981
7874
6071
6031
5961
6241
6072
6332
7895
7664
7835
6231
7644
7714
7654
9357
6172
6142
7614
6221
7885
8285
5921
7765
7764
7995
7644
