20649
20879
22893
20649
20980
29566
23113
21550
23524
20488
20709
20618
20689
20589
20698
21470
20609
23254
23945
20659
21039
22723
23384
20739
20398
21300
21180
22623
21029
20298
22813
20459
27060
21050
20689
21430
20749
20459
27461
33523
21430
23274
20509
20990
20369
20879
21821
21230
20839
21009
20779
20578
23764
20799
21010
29405
21380
52047
23555
20538
20869
22231
59532
22442
20699
21500
22212
20669
23374
20959
20329
22792
21060
20629
20248
21491
20839
20789
21020
31109
21260
20509
23754
22251
31218
21280
20228
22773
20429
30157
20428
29635
21881
20197
21731
22272
20649
20739
20479
20258
