16811
16601
16631
18284
23294
16661
16421
16411
24777
17012
16721
16281
16561
16411
16842
17122
28524
17402
16621
16871
20959
16591
17373
16141
16541
16621
16631
17333
16531
16400
16150
16631
24416
16872
16551
16942
16621
21109
16572
21470
16621
16922
16772
18795
16782
16491
22883
18043
17152
16581
16772
16651
16571
16751
22482
16791
16511
24516
16771
16440
16411
16742
16862
16762
22452
17093
16751
17352
16681
19006
16701
18134
16381
16741
16621
25017
16712
16842
24045
24887
16742
16651
16541
17313
24886
16842
16602
16641
17453
18355
16170
24526
16141
16702
17663
17704
16260
17894
16681
17402
