59552
40637
41257
41308
40456
45816
46517
46918
41277
61245
40747
41348
47409
41288
40436
40486
62467
46527
47620
40947
43261
50925
40496
41778
41578
41888
41407
41969
41067
41568
63239
41418
41979
41818
40445
57517
44483
62467
43652
42029
41268
40957
40727
41848
47520
45315
40557
40967
42740
41197
41839
41298
40777
44694
52609
47188
61686
40526
41938
41338
42099
46227
42069
41137
42731
40336
46978
44083
40927
42279
41368
41378
41548
41778
69670
40917
43381
47218
42741
42039
41618
40927
42690
47118
47489
41117
40987
56316
40696
43171
40526
42599
51857
41238
43351
45345
40877
41207
46668
41177
