35767
35787
35787
46548
41959
35797
35226
35446
35657
35437
35426
50174
37020
35376
39344
35246
38682
41237
35166
44734
44313
37841
54011
39845
41518
41287
53831
35657
95038
38021
37921
40466
36218
40867
40917
35467
39694
35466
36809
53310
36127
41147
35437
35125
45535
37901
36349
53360
35366
38241
36408
49353
40706
38543
35807
35897
44764
41127
39444
36138
40727
34945
35637
35567
40886
41177
38672
36639
35046
35517
36108
50796
49352
53611
37951
36118
35868
36238
40516
36048
48280
53020
35166
35436
35657
46788
35757
35677
37360
35667
35968
36188
37811
35126
36859
39524
47329
46988
40917
36749
