13976
14567
16581
14608
13746
20228
14026
14137
18224
21761
13805
15909
14076
13846
14437
13946
13956
13957
16100
14527
15960
13876
14137
14929
13815
13936
14016
14167
13566
13876
14017
15910
13916
14597
14397
13956
15800
13656
15208
14147
14226
13816
13876
26991
14507
13946
13936
13866
14908
13936
14517
13816
14106
14017
14447
14007
13906
13736
14037
14307
14276
13746
13636
13826
14698
13836
13806
13946
15670
13886
13986
13956
14006
17834
14698
13896
14056
14006
13735
14117
13976
16181
13936
14607
13635
14918
17774
13635
14558
15799
13916
13846
14207
20088
14217
14087
14828
13946
14136
14116
