18796
19527
19146
21991
18946
18775
29315
19066
20749
18605
19356
18574
22753
18535
18935
19106
18695
18985
18665
28082
18515
18936
19376
20669
18455
19136
18595
18975
18695
18725
19055
18925
18645
22803
19818
25047
21400
24586
18956
19687
18504
19807
18805
18615
26109
18805
18815
19136
20919
18765
23595
19056
21631
18775
18585
19005
21190
19607
21571
28063
19116
18595
18786
18425
18886
18945
19246
18745
28594
23965
23314
19226
23885
23874
19076
23504
18946
18604
23454
23504
19006
19627
18624
23354
18765
22082
23795
20178
20990
19056
19877
24987
21079
19126
20128
19076
18945
19327
25268
28203
