28043
24916
25187
22974
23183
23183
26600
28414
23073
22923
22973
25949
27561
62167
22543
22442
26119
25959
22933
35787
22653
24676
22623
22743
25929
26439
22442
22983
22522
26259
22913
29606
23174
22563
23154
24005
23314
23143
25257
34845
23063
22883
25929
22783
25258
22422
23194
25417
22943
23394
26069
23574
24316
22713
22833
22482
23344
23204
23304
23154
23554
23764
25968
26360
24366
22523
33704
26219
24156
27993
23585
22812
25418
34054
24817
23103
23995
36920
23154
22923
23995
26970
22793
24737
22863
22522
22513
23755
35136
22993
24576
22913
26801
22793
34545
23093
22742
24155
22712
22733
