49133
46437
48270
43542
47048
43632
42620
61215
42690
41819
43131
42730
42730
42900
48471
42810
41648
41929
43311
44283
42430
41819
42840
42058
42519
43242
41578
43221
42720
42240
41998
42550
42931
41919
42159
42921
62768
59151
42790
43892
43502
46488
43401
42009
43101
43181
43011
41678
43511
42119
46588
42771
43201
41689
45255
46147
42960
42590
43581
45215
42500
42510
46948
42510
43301
42089
41648
53671
42279
43031
59762
42440
60333
42289
54482
43051
42430
44293
43422
43091
44233
48591
42760
47248
41779
42470
42810
59482
42570
42820
49262
52489
42109
43171
42910
43191
42209
44754
41909
41869
