5080
5070
4178
4128
5200
4207
5250
4147
4078
5230
4148
4238
4147
4087
5200
5089
5210
4178
5140
4158
5300
5170
4088
5320
4589
4168
5219
5290
5180
4228
4238
4177
4168
5260
4078
4248
4158
4208
4258
4147
4148
4539
5180
4097
4088
4158
5270
4188
5180
4248
5180
5160
4048
4217
4138
4188
5300
4268
4208
4278
5370
5130
5340
4138
4158
4108
4197
4178
4218
5310
4158
5190
4158
4268
5129
5200
5170
5230
5170
5240
4118
4168
4208
5340
5250
5210
5190
5149
4208
5080
5210
5501
5039
4148
5310
5300
5270
4088
5229
4409
