8916
8967
7164
8977
6873
7084
6823
7103
10210
8676
7244
8666
8877
7153
8646
9167
6983
8807
8787
7064
6933
7134
9027
7093
7023
6983
9107
8606
6903
7193
8787
7033
7053
7033
7023
7233
7313
7224
7304
7034
8556
8947
8987
9077
6943
7223
7444
8987
6863
6923
8837
6873
8867
7384
8546
8947
6933
7153
8907
7124
7103
6923
8977
6893
8616
8767
8886
6964
8677
6803
8766
9098
8656
7094
7023
7153
6983
7214
7334
7224
7003
7073
8636
8596
7424
7014
6822
8716
7043
8676
7314
8806
6983
7134
7334
6993
7154
7023
7083
7023
