31489
31299
31419
31479
31529
39895
31209
32501
33493
30918
30808
30918
32801
31229
32211
35637
31289
31169
36018
31118
31229
30918
30758
30568
32601
30367
46407
30858
31429
30818
41307
31519
33283
31158
30918
37470
31299
31088
31348
43953
31329
31459
40466
36148
31669
31700
31128
30527
31740
30978
45545
39043
35467
31078
31849
46027
40175
30888
31348
30878
30577
35306
31229
31529
31710
31539
35366
30527
30688
31730
30548
31028
32921
33193
31298
31138
30588
30988
47378
31108
31189
34074
32932
31238
32330
30647
30427
57438
32852
31259
39404
32281
31359
42570
30478
39193
46748
32020
35116
30898
