10229
9938
11692
9928
10550
10210
13295
12713
10349
10279
10009
11602
10870
10570
10570
11070
10319
10189
11472
15549
10219
10179
10329
10560
10440
10220
12042
13485
13966
10399
9989
12855
10290
12834
11521
10209
10319
10480
10119
10089
10289
10469
10350
10339
10230
10139
11041
10840
15469
10109
10450
10540
10400
10930
10450
10299
10480
10289
10279
11612
10300
11091
10149
12814
10509
10771
12954
9939
10761
12844
11201
10349
10781
10219
12924
10529
15108
15700
10590
10249
13946
10570
10189
10059
13164
10329
10169
10280
11351
10119
10309
11221
10440
13014
10870
10179
10820
9928
10610
10209
