4519
4588
4579
4639
4609
3847
3737
4688
4689
4679
4699
3807
4599
4508
3787
3697
3717
3717
3797
3737
4648
4628
3667
3767
3687
3707
3817
4648
4638
3777
4709
3727
3747
3737
3818
4599
4679
3607
3778
4679
3757
4679
3727
3676
3706
3717
3777
4589
4739
4909
4669
3777
4609
4558
4628
4157
3697
3757
3657
4629
3626
3827
4679
4569
4709
4649
4528
4538
4629
3777
3607
3697
4679
4659
3717
3757
3857
3747
4598
4728
4578
3627
4709
4539
3707
4559
4609
4699
3687
3636
3817
3697
4628
4649
3657
4558
4599
4529
3777
4669
