38712
38442
40807
38803
55174
38632
37942
41608
57658
39144
39044
44434
38703
38512
38723
38702
39063
51246
38602
99136
48962
37801
52869
38743
43742
39334
37480
49182
37881
49413
42319
38122
38983
39634
45235
38142
37931
39033
38422
39134
46758
43051
40286
43802
38001
43632
41027
51176
38352
39003
40065
56826
39605
38372
38372
38453
38022
38241
41498
41158
37831
38412
74400
39164
38182
38011
40366
43752
39214
38883
38011
41819
49944
39764
37731
39594
53932
43662
38843
43923
39083
43843
38352
38753
39204
37600
47620
39113
57287
43542
43041
38402
43632
38542
50775
38763
37771
38232
38883
43682
