42480
38252
37530
38132
40516
37330
56115
43412
37571
37500
37340
38031
38061
38041
38512
48361
37852
37260
37801
41819
37460
37360
37660
43631
43822
38672
43021
43051
37981
43922
38472
38512
37972
50575
37590
49202
45456
40797
37380
38141
37420
37801
38542
39765
42891
56857
43001
38872
38613
37611
37350
48300
38873
38312
44012
37751
40015
39164
41428
38131
37280
37189
48691
37811
38492
43702
38753
37961
38482
56315
37190
58389
38242
37971
37300
37620
38211
37681
47780
47369
48080
47780
43421
38262
39895
38422
37761
37450
38091
38733
38272
37500
37340
56325
40416
43071
37590
57027
43381
43822
