26339
27742
27611
25578
28434
26059
26239
26149
30949
25659
26590
25959
27482
26379
28072
25808
26170
26009
25678
26109
26960
29876
26630
27592
25929
26169
26410
26459
26771
25738
26199
26480
26469
25699
27662
26589
26270
26760
26329
26179
26540
26520
32040
26550
32341
29846
32922
26389
26119
25929
26370
26420
30187
26029
27702
29064
26500
25558
25949
26460
26129
26479
28243
39755
29556
27922
26039
30186
31428
29706
25848
25578
35817
26169
25918
25939
26169
29155
26280
25848
27652
26490
26390
25738
26290
29515
25899
25838
30126
29505
39184
26199
27632
26320
28433
26560
33062
25798
30047
34345
