29325
36568
29205
30187
29897
28634
29274
30427
29024
28624
28634
29055
28714
28673
29435
29175
30397
28644
37090
28754
42780
30767
28583
31539
28554
30117
28493
29355
29475
30537
28434
43602
32380
30397
29175
29486
28865
32711
29716
30086
29285
31119
32010
36829
32612
44403
42941
42710
29034
28323
29044
28704
28834
37130
30106
29716
29004
33272
28674
29375
35347
29264
28423
29846
28283
30628
30076
43311
34375
32861
28484
29956
28734
29295
33152
42240
43431
29285
29045
29134
30607
28774
29075
29936
32731
32962
28674
28703
30888
28904
28663
29425
33282
31239
37060
29405
31389
30127
32982
29345
