30487
31219
29936
30747
35256
31028
32702
30216
30036
46858
32862
35026
30487
30657
38733
35486
34956
32070
33273
30427
30928
46217
40265
30778
30828
34325
33954
34895
34896
32531
31158
30347
38111
30437
31028
30847
30518
30367
35287
46327
34965
30708
44304
30657
32921
35557
30888
33994
45505
30768
44904
39043
35146
30528
32571
33823
30768
32090
33573
30267
30568
32891
35476
39313
36969
31258
35697
30507
30517
30978
32651
35306
30707
31058
45525
32861
31128
30798
45917
42169
30758
31178
30497
31449
31579
30598
35126
31429
30998
88075
31209
30717
30718
32170
31339
30657
30568
31138
30727
30077
