27211
27352
41047
27221
31689
26991
29455
34756
41137
27502
27121
41588
27272
27391
41779
29085
27992
40977
27511
27071
40697
27822
31770
37541
28183
27302
41298
27411
29967
27952
27561
27762
27481
36889
28153
28052
31248
27071
27753
28824
28463
27962
27803
28513
27442
31128
44643
26950
27532
27321
27332
36569
27642
41187
27873
41067
27541
27181
27472
41428
28464
40647
27271
27782
27823
39224
27481
41128
28343
36308
27892
27812
40386
27591
27461
28323
33644
31960
27071
27682
27963
27481
31509
27732
28043
28704
27792
27872
27712
27872
27362
31640
39244
27672
31729
31639
27973
27682
29165
37821
