40185
45576
31819
40206
29956
37421
30628
29826
29997
44764
45646
30107
45145
33714
30678
32722
30147
31900
30236
30878
33453
30698
34635
30668
31820
30337
33293
30257
29906
30347
30116
32451
30467
30136
30167
29887
29585
30046
34204
29506
44453
39054
45375
30648
44654
30868
30758
30227
39164
45215
31439
40236
31790
30738
33032
45696
31248
30618
32391
29626
29786
32040
30127
46046
31570
31930
34374
30186
34956
34394
39034
29916
30378
34164
30477
32591
40156
31680
30798
34886
30517
29986
29836
71505
43471
30397
34725
30317
30317
30397
45215
34665
29987
45675
34885
30577
29886
30397
39324
34044
