44884
43982
44374
51196
47329
44434
44764
66816
61356
47840
45165
51507
59191
58910
44223
48551
67577
45185
46077
67627
44744
59912
44744
44444
47910
56877
45535
68318
44394
44003
49483
44944
45175
44434
67406
48020
45285
44894
48751
44844
46978
44994
51106
46568
66245
44103
63470
56626
49383
46898
45566
45265
44393
45916
44984
44513
51226
45595
43873
50896
47740
44874
46257
49213
46107
48652
44754
59301
45025
50985
44724
45365
43832
46738
50835
49573
45456
44894
44804
46707
46507
44173
44744
51086
47439
66234
60293
45295
66965
45435
50735
67456
44243
44694
49262
47920
58800
56937
55705
44333
