9477
9468
9498
9478
9047
9337
9568
9067
11452
9568
9688
9448
9498
9277
10038
9387
9338
9929
9367
9337
10209
9337
10320
9618
9478
9898
9819
9217
9517
9438
9869
9829
9227
9297
28714
10400
9649
9338
9337
12393
9428
9578
9468
9157
10230
9357
9498
11671
10580
9258
9258
9248
10009
9368
9248
9949
9538
9438
9919
9798
9468
9588
10640
9808
9288
9297
11832
9247
9538
9237
12323
11932
9508
11862
9618
10069
9528
9508
9598
11512
9548
9517
10119
9358
9568
9578
9408
12163
9438
9358
9238
9639
9188
9899
9648
9147
9969
9398
9488
9388
