22262
23654
22271
22232
28634
25498
24867
24727
32871
22943
22081
30698
25738
24716
23153
22622
22763
30958
24887
22523
26038
22662
23344
22222
22632
22282
22402
23213
22212
23003
24847
22533
22683
22292
22091
23123
22602
22542
22492
22292
22552
25017
23063
33684
28003
22783
24115
22112
22533
22553
22733
28784
25407
22052
22271
22592
22582
22412
22192
24696
22432
22272
22613
22312
22402
25438
23103
24175
32942
23855
22543
26079
32371
22311
28042
33874
29826
22503
27692
25778
22242
22683
23895
22142
22893
33183
25939
22322
25899
22653
28323
25918
22863
22312
22923
22342
28965
22893
22472
22803
