19257
14136
14277
15058
14727
14347
14407
21490
14317
14548
14778
14166
14818
14898
14237
14367
14617
21410
14818
15710
14427
14938
14337
16080
14366
14698
14397
20138
14267
14938
14437
20178
14397
14718
14397
14327
21380
19036
14156
21631
14417
14427
14758
14458
14157
14457
14618
14187
14297
14417
14417
14196
18625
14347
14017
18916
14276
13976
14467
14367
17883
22532
18214
19226
14296
14307
19126
13927
14417
19056
15709
14106
15228
16872
14167
14187
14036
15730
14197
14076
14929
13976
14277
16440
17433
17973
36268
14527
18094
17903
18174
14247
14507
14657
14417
14798
13986
15109
14447
21050
