24877
34044
25107
24596
25167
25167
28554
25438
25878
24395
25127
26810
31148
26660
56796
24927
24577
24877
38111
32922
24365
31048
25087
26059
37851
24897
25017
27972
26299
24256
24687
25017
24536
27422
29575
24897
24707
24907
24997
24987
25228
24896
25097
24396
27852
28504
25218
25297
24797
24917
24646
24175
25127
28693
24706
26811
33603
24526
25889
26089
26530
24967
28333
25218
24987
24817
25387
24536
24877
24576
24686
46056
25388
24987
25959
24256
24817
34154
38092
24717
35296
37189
26280
31339
37631
24916
25338
28494
24817
25107
24967
24747
24776
27472
26430
24206
24786
26259
26139
31089
