2865
3186
2916
2324
2315
2825
2835
2855
2916
2906
2945
2375
2925
3446
2274
2915
2315
2865
2284
2285
2825
2826
2806
2775
2815
2214
2855
2825
2795
2235
2825
2816
2274
2795
2836
2285
2284
2305
2785
2866
2856
2875
2224
2855
2264
2815
2845
2806
3787
2826
2244
2775
2275
2264
2254
2765
2786
2886
2244
2876
2835
2785
2805
2825
2845
2785
2855
2876
2816
2264
2785
3256
2855
2335
2284
2235
2836
2635
2795
2825
2825
2866
2274
2265
2265
2816
2825
2265
2765
2264
2876
3437
3396
2755
2865
2796
2836
2274
2295
2304
