23975
21941
23835
30266
22081
20659
20779
21340
21060
21330
21170
21571
21089
21250
28393
21381
27381
21430
21952
21421
21490
32020
21109
21400
22172
31820
32191
24146
23834
21901
24206
21120
22272
22973
21310
21049
20779
21180
21030
23083
24235
20899
24176
23654
23073
27632
24296
21691
21000
23845
31620
23834
28624
31710
20598
21109
21210
21160
48701
21270
20698
21110
21040
22102
20649
23434
20829
20749
27842
21550
32701
21630
21220
32090
21750
20779
27792
21330
21009
20960
22212
20910
20840
20940
21099
31649
21190
22081
21981
26680
20959
22212
24295
31198
21039
20719
21460
31880
21280
21019
