29716
29906
44824
31780
32280
34395
41758
30778
29555
30968
30677
34395
30106
32381
33834
33603
38112
30076
29406
29696
29625
34054
29626
29866
29886
32581
44583
30127
30527
29235
44283
29796
29656
32321
34044
29856
29926
39273
29626
34244
29796
30146
32341
30056
31249
29906
30246
45345
29726
30347
30067
44934
29375
30827
33804
39224
29866
29655
30267
29105
41668
29185
29676
30367
29826
29826
29646
29315
32991
29886
43963
30116
29916
42240
30437
30067
31249
33714
29185
29736
41367
34284
29095
33042
29445
29916
32040
45315
31159
29846
29605
29836
33753
29566
30156
29766
43782
29575
42109
29646
