12794
13566
12253
12544
13205
12804
12523
13835
12284
12564
12784
12473
12603
12924
12384
12543
12854
12323
16842
12654
12583
18695
13766
12704
13846
12373
12834
12784
15418
19125
12393
12704
12704
12644
17142
12673
12694
12334
13065
16331
12643
12754
12484
12473
12433
13305
12954
12553
16250
12714
12664
12895
15950
12934
12354
12554
12573
12844
12524
13415
12333
12984
12694
12533
12524
12614
13655
13085
12944
12514
12313
12623
12834
12354
12674
12583
12354
12333
12523
18836
12484
12924
12503
12384
13165
12624
16080
12613
12523
13115
12624
12453
12564
25097
12353
12875
16080
12513
12714
12744
