3397
2725
3417
2756
3417
3417
3347
3387
3376
3306
2654
2745
2715
3918
3416
3396
3085
2665
2685
3346
2725
3417
2735
2725
2806
3306
3416
3436
3386
2755
3426
3397
3437
3427
3337
3397
2715
3386
3396
3326
3457
3366
2705
2705
3317
2715
3387
3416
4058
2675
2675
3336
3457
2685
3396
3427
3387
2775
3456
3376
3307
3316
2675
3286
3357
3356
2705
3366
3296
3366
3326
3296
2695
3426
2755
3337
3357
2665
3316
2785
2725
3296
2675
3356
3356
3347
3306
2756
3336
3407
3707
3366
2725
2695
3306
3376
2685
3417
2705
3376
