19557
19787
21640
19777
19727
19326
19577
20628
19637
19516
19807
19507
22663
20298
20448
25297
19727
20368
21380
24005
19907
19566
19687
21641
19597
19777
19817
19727
21610
19727
19737
27031
21770
21189
25077
21560
21711
19907
20017
22533
37079
27542
21110
19636
19707
19717
19877
19466
19897
19657
19416
19928
19186
20579
19657
21009
19486
19857
19576
19577
22142
19847
19948
19387
19667
19707
19556
19657
19616
19767
20118
19607
19988
19647
23715
20098
19727
19366
20038
22803
19517
22041
19958
19838
22723
20067
22793
20007
19838
22663
20278
21340
21721
22152
19327
20679
19848
20077
19958
20589
