11130
11171
16671
11251
11232
11261
11802
11141
14046
15860
11632
11021
11461
16972
11301
11281
16030
11922
11101
10950
14908
12032
11211
11962
11060
11682
11171
11061
11081
11141
11331
16761
14458
11131
10990
10800
11321
11111
11552
10860
11391
11602
11742
10881
10810
11271
11161
11080
11793
11902
14748
11161
11141
17242
11161
13746
11301
16712
16551
14186
11031
11071
11011
11421
15319
11352
11101
11332
14437
16861
14277
11281
14598
14247
11281
14097
11171
11181
14037
13886
13726
13765
10900
11242
11572
11722
13976
11161
11532
11451
14036
11201
11371
13756
14938
11311
11341
14036
11071
11121
