47469
40826
41237
41639
41648
41818
52899
41598
42289
47029
47950
41268
41498
41989
52598
41508
54833
52058
61626
54573
44433
42941
41849
41397
42349
57187
41888
41778
41598
42370
41588
44834
40876
62287
41909
41638
40827
47900
59712
46998
52058
41448
45014
42590
41287
45396
41087
62598
62017
46697
42670
41969
44944
42009
40806
41408
62808
45255
41198
47099
53350
55314
61666
42419
56947
41257
41749
40946
42059
62267
42289
42059
57287
42009
41417
47910
41948
41257
43752
41799
41217
43101
41938
45325
41327
41838
53901
43872
61977
44723
41007
41558
41868
46377
41337
41367
41127
41969
61936
42008
