25247
25467
29085
37240
25618
25518
28082
25528
26380
26239
27952
34214
38933
38602
25798
26169
25487
38402
34735
36759
26179
25668
38362
27601
25157
28303
26861
25198
38122
25528
38162
25989
29124
26089
25417
27401
26420
38492
25858
25387
25818
25598
26460
28454
32021
29305
25618
29074
27151
26841
25808
34174
25999
29385
25839
26039
33783
29215
29024
25778
25928
25939
28213
26791
25758
25558
25938
25989
25257
25558
38362
25939
25548
25518
25739
26069
34164
25107
29255
26760
33764
55384
25678
25588
38161
27080
26149
26059
27692
37741
25819
25698
26089
27412
25858
28914
25678
26831
26290
27231
