28593
28673
28213
28072
29024
42820
29315
40656
35517
30598
42630
29495
28774
27762
31068
28684
29837
32441
28393
28784
28754
36749
28644
32491
28344
29545
38372
29986
31659
30547
38332
29846
28613
28864
28293
28153
28864
30918
28493
28253
28674
32371
29856
28544
28543
28343
28434
31249
28904
28424
28805
29425
42459
30307
30127
30698
32221
37520
34295
30588
28283
35376
43291
28433
27862
28483
29605
29175
28714
28404
28804
28464
28634
40957
28634
29956
28153
29005
28724
36088
43101
27993
28804
28313
42810
28704
42971
28523
28904
28764
66885
28473
30207
29585
33794
29094
28654
31739
32261
35427
