7374
7334
9117
7434
7514
7855
7494
7625
9588
9067
9528
9107
9738
9408
7384
9107
9217
9618
9308
7414
9558
9177
9648
7604
7634
7604
7363
7494
7504
9408
7775
9388
7614
7575
82445
7384
9358
7614
9247
9308
9698
7564
9297
7604
7554
9508
9247
9558
7414
7414
9578
7274
9157
9659
9668
9518
7655
7284
7454
7644
9337
9538
9318
7474
9177
9188
7634
7354
9327
7414
9448
9268
7624
9017
9708
9648
9197
9508
7655
7404
9678
9578
9247
9618
9347
9307
9598
9378
9397
7554
9147
9127
7494
7614
7775
7414
7675
9619
9277
9428
