30067
30577
40186
28544
28624
27502
40175
26189
27241
26500
32021
53701
29505
40135
27772
34956
26831
35687
26600
26350
30527
40546
26380
26009
26129
26700
42240
26449
27091
30377
26539
30698
26369
29846
26971
26460
28774
26660
26570
26660
27542
26349
26950
27031
26500
27221
26760
26350
26720
30818
29476
25969
30277
26810
28633
30196
34184
26560
26470
26600
28764
26410
30107
33122
26850
29665
26099
28623
31899
26750
26940
26379
26530
30156
28584
26710
26630
26579
26510
26289
32921
26610
33192
32902
26390
26299
26540
27040
26210
26360
27552
26099
29796
32581
29656
26900
26510
26389
26009
26329
