42700
59262
44283
39755
125696
44644
38713
38983
44384
39334
39625
44323
44864
38682
49323
38502
39655
41087
38452
39183
39234
39585
38152
59842
38923
39424
39063
38873
44013
38943
38382
39203
41738
38583
44003
41347
39093
44724
38162
39834
55595
38984
39444
42109
38533
39124
39273
40716
40145
51527
55644
38793
42059
38763
39184
38152
42229
39384
40305
39294
39354
39153
42750
38633
42630
38413
58630
42149
38733
58370
38152
42069
41127
38953
38823
58460
44624
38973
59372
41818
41638
39063
43541
38352
53430
44173
38162
38923
39213
38442
38552
38322
39013
44984
52067
38512
44133
45025
39223
38322
