16892
17743
16832
18094
17142
16732
17132
16702
25608
16911
17152
18475
16671
16671
17143
17212
16742
17984
24927
25638
17323
22682
16831
16561
18254
16952
17112
17162
17302
17683
25779
24897
17453
25528
16731
26219
18094
22001
21821
22452
25308
17092
21981
27932
17293
18264
17503
17643
17142
32261
16982
25027
17343
17142
25538
17243
17022
27261
18665
55504
22632
16922
16712
25508
16752
17052
25398
17222
17042
18635
17112
17473
25869
16772
16611
20939
18645
25277
16982
17102
16962
16872
25598
16801
16962
19466
16812
26039
17122
21340
25468
16591
17152
21540
16882
17082
24456
25267
17172
22201
