13526
17933
13405
20248
15098
17062
13355
14748
13355
13806
13185
13365
13746
13335
14056
13035
13305
14096
13285
13395
15339
13645
14297
13766
13025
13285
16781
13616
13616
13596
13546
14237
13365
13205
13375
13486
13736
13275
14307
14547
13606
13395
13826
14798
15169
13665
13305
13816
13967
13355
13375
13365
13445
13445
16762
13495
13396
18455
13435
13585
13265
13506
13495
13425
13525
14377
13866
13525
16201
13525
13505
18575
13395
13315
14277
13616
13605
15670
19206
13996
13325
13405
13345
13545
13576
18164
13275
13365
14037
13385
13636
13535
13345
13535
13976
13655
13345
14698
13626
13656
