27051
27201
27321
27632
31058
26540
27251
29496
27492
29014
28964
27111
27662
29235
26790
30968
27431
41027
27081
31289
26770
30367
31139
27281
29345
27161
27612
27312
30758
27422
26580
27411
26740
28163
28022
33683
27772
31199
27322
27351
30827
31038
27171
41117
26911
30738
41157
27101
26630
26500
30397
27071
83895
26499
26920
27191
30056
27552
26560
26770
27271
27431
27091
26861
26981
27291
27121
27171
28784
27512
27392
30287
30798
30838
39764
28444
26890
40245
30216
26870
27962
30136
27462
27532
30858
27071
26930
31038
41087
28964
27362
30738
27692
29446
26850
26570
29124
37360
27352
27081
