42320
63029
48882
42720
56396
54292
43452
49072
43171
58610
64642
42930
43762
63089
64972
64651
42861
42420
64220
43792
42279
43171
43271
49152
42369
42831
42479
45436
60855
45596
53230
43462
43572
59111
54101
48831
48531
43581
42410
43291
49222
48912
48721
54623
46127
43011
42570
42570
44954
49072
43562
43462
42510
42479
49473
43011
46217
44263
44323
51847
48792
42890
43041
42881
43662
42399
48751
42791
43912
65182
48360
43271
64030
42921
64732
43512
61997
42740
43171
42740
56907
43221
43231
43702
43031
57989
42379
47540
42851
60985
43432
49253
45054
43111
45275
43682
65263
43061
54082
42349
