23855
25728
35838
35967
24315
24566
36819
26731
24316
24336
27772
24076
24416
24165
24085
36418
27832
24085
32551
25127
25639
93295
24276
24085
24256
24235
24486
23945
24115
27311
24206
24796
32852
45856
24366
24206
24627
24175
27843
24276
24566
24105
24366
24185
24426
26280
24416
23795
24617
24716
72406
24325
24255
24065
27632
26771
24105
34805
24767
24796
24335
23955
24005
25989
24095
25247
27702
24135
24125
24796
24426
25949
26721
24777
30306
27472
25368
24416
33112
24265
35857
28213
36689
33092
26019
24256
24145
28003
24246
23874
25648
23965
25729
24255
24225
37551
27753
24426
36488
28023
