24586
20108
21049
19556
19506
21050
19196
18925
28864
20669
19055
19436
19246
19166
19196
20388
19457
20047
20659
19226
19366
18955
20739
19126
19987
19387
19306
19146
18955
19116
19186
24646
24155
19697
21330
19437
19026
20028
19206
19507
29295
25197
19156
20078
19056
21601
19096
19737
22653
22042
20338
20789
25679
19006
19627
19447
20038
19045
19166
19276
19987
18885
19156
19206
24676
19978
24095
19126
19437
19597
19016
19286
20618
19256
22392
19397
19527
19868
19647
22142
19496
19626
21621
19186
26189
19778
19397
19386
21991
19406
22082
66605
22472
19707
25598
19436
27672
20318
24626
28393
