35256
45255
35186
34745
35436
34995
34705
34945
34916
34795
34614
40346
49483
34766
34755
36188
34475
34564
52028
35617
34966
34665
34855
43031
42760
42931
34886
36559
40967
51607
34865
34685
40005
35006
34234
46237
37461
35316
35647
39454
35065
43793
34344
34455
39555
46087
49513
35467
51867
34465
34996
34785
35066
39604
48982
36869
39394
35436
52118
39805
44173
34414
42540
39804
37240
34966
35747
35437
35116
36398
39624
52068
39504
40166
34134
34505
36919
49173
34786
34034
36889
37400
34355
38001
34605
52228
35095
47119
34756
35216
40215
52298
34445
34064
34104
34514
38452
34806
51556
34725
