2305
2274
1804
2254
2244
1793
2244
2255
1783
2244
2235
2344
1823
2265
2274
2274
2304
2234
2245
2264
2275
2254
2284
2284
2354
2304
1824
2264
2284
2274
1913
2284
2254
1823
2274
1844
2274
1893
2244
2264
1814
2284
2264
2264
2214
2274
2264
2264
2305
2254
1844
2255
2224
2275
2224
2254
2525
1783
1833
2264
2275
2284
2274
2264
2224
1853
1823
1793
1784
1783
1853
2244
1803
2324
2264
2274
1783
2325
2245
2234
2234
2284
2274
2284
2285
1803
2285
2264
2254
2294
2264
2304
1804
1793
2265
1864
1813
2314
2285
1823
