20769
20658
19857
20418
20238
20880
20559
21660
19937
19857
23133
21039
19777
20589
20548
20318
20048
20669
26079
21610
20338
25789
20208
19667
19767
20118
20418
20648
20077
20128
20238
19848
20559
20378
29756
23133
20068
20688
20168
20498
20549
20488
23293
20769
23343
20178
20148
20398
20268
27672
20218
20007
20258
27952
20068
28073
21811
20419
20950
22142
20318
21380
19947
20248
21290
20528
20499
20608
28463
20319
20328
20177
20217
20418
20819
20168
20869
20328
20097
22573
21550
20017
20168
21470
20418
20017
26349
20759
20077
20278
20088
21080
22813
20288
19877
20248
20358
19997
19957
25578
