23314
23645
23835
23695
27101
23975
33724
26700
24326
23985
24707
35337
23815
24226
23764
27181
24576
23845
25097
23835
35176
23635
23995
24005
34344
23715
23585
23805
23695
23915
23844
25258
30507
23735
24135
24105
36458
27011
29986
24075
24015
26540
24045
36008
23634
35808
24296
26139
26139
25297
24626
23715
36759
24736
23394
24186
23685
24066
23945
26840
27011
23544
27362
24235
31049
24416
23774
27442
24045
23784
23965
23975
30568
27061
23645
23855
23755
29636
30438
27071
24215
23704
23675
23664
23564
24055
29436
23715
26390
23475
23614
24165
29525
24055
27351
24756
23514
24285
23584
27011
