18445
17833
17753
17823
17934
17553
17944
18164
18254
17623
18174
18134
21560
27141
91101
18014
17983
17744
26901
17744
17934
17543
20268
26840
18314
18815
27011
18284
26911
19867
17793
17803
17543
19667
86204
17874
24215
17773
18665
17784
19446
17703
18906
19838
18525
18214
18254
22843
18094
19997
18154
26710
18885
22753
18224
26530
17593
17673
18004
27101
17693
17863
26840
26790
18314
17874
26890
23935
17784
17774
17783
23234
18434
17953
24626
17723
17763
19948
19216
18054
18184
27201
30728
19777
18554
18054
18545
17843
19576
17483
18014
18004
17974
18836
23144
27251
18084
18574
17663
26500
