62437
40466
40486
46507
44203
42810
40977
46658
46758
51076
45886
40346
39544
39584
40486
45746
43872
41207
41728
41057
39624
39995
40065
40436
41117
49944
49984
40195
39895
40536
39585
40456
56205
40256
40637
40466
42360
39775
40396
46387
41047
40867
40436
46407
40155
39514
46437
43261
46037
40476
39945
40536
39494
40025
40716
43121
39995
58109
50946
42660
39854
40225
40105
40415
39664
39744
60544
40076
46437
40156
44273
45976
40415
41198
40185
40175
40596
40416
44984
39604
40667
41759
45525
60954
48110
41938
40396
42180
40286
110738
41017
39854
58149
40025
44895
40386
40286
39894
39474
39835
