34124
34245
34104
41999
34194
43682
38222
35897
33774
35426
38953
33442
33723
50935
44513
35407
42530
33904
38462
51186
44173
42589
42981
34264
33673
33613
33493
43702
43862
33543
35477
33383
47509
34164
37180
34174
33703
34264
33823
34865
33994
33713
34034
34204
33653
35116
33573
43962
34435
34074
51046
33894
33834
39134
34204
33713
38492
33944
33573
33954
33924
45836
34485
33072
33433
49963
51828
38722
33733
33933
33673
33914
33653
34034
49123
33132
33413
33352
33953
33683
37531
33904
33983
36969
34054
38542
36779
34004
34324
34455
36388
33794
33763
42790
34274
34705
34155
33232
50194
33964
