41268
32712
32582
35938
32881
41808
41208
56426
38222
42660
32962
32682
32772
32881
33093
37611
34114
32651
32952
32481
37490
43662
33312
33453
33403
37981
32912
32681
33412
32371
37330
33713
49813
32841
33292
47229
33002
37600
34024
37481
49843
32961
33182
34074
33804
33563
49052
36348
33833
33964
33533
32811
32450
32771
33472
32751
34264
32941
32591
33773
35407
33032
45014
37841
34495
37721
33142
32331
33393
45295
36970
32721
36398
33012
34214
36178
47359
33032
52839
43411
33162
33773
32711
41668
33062
49302
32731
33302
32812
33053
48901
33814
33283
37901
49603
48411
46748
33042
33072
33022
