22432
21991
21881
30768
26690
27221
27091
26901
27232
26931
21862
21791
21580
21731
21300
21531
22112
21521
24446
21630
21440
32391
22723
21801
29035
23003
22472
22152
21380
24196
22081
24666
21120
21450
28563
21841
22181
21561
22071
21601
32912
23674
21991
32811
32471
21520
21611
21851
32832
22152
33754
27181
30427
21831
30737
23915
23374
22762
23083
22943
21671
21480
27702
21089
22672
21811
21611
27732
31970
32692
24325
21591
24987
21380
28253
21681
21340
28403
22122
46888
21590
21390
28734
21892
21671
21741
21380
24806
31028
23835
21230
22752
21079
21680
21560
21560
23574
21470
21190
21470
