15399
15289
15669
15279
15870
16040
16441
15740
16370
15870
15830
15760
15600
16702
15319
15920
16871
16511
15820
18455
17083
16501
15579
16301
16611
15559
15770
16120
17513
15339
15940
16321
15239
16131
15529
15700
16761
17553
15669
15349
17172
15779
19617
15920
15499
15870
22111
16261
15899
15970
16291
16000
16220
16842
15930
15869
15870
15700
18044
15579
16040
17683
17322
15740
15950
15549
15669
20428
15930
16130
15740
15750
17663
20508
15499
16130
15810
15850
16461
19627
19917
15840
15629
15909
17773
15580
16041
15409
15529
16100
16601
15640
15569
24256
19987
15759
15378
15870
15469
16961
