14557
14828
16081
15429
19006
21821
14808
14728
14758
14497
14737
14908
14818
14768
16962
14627
14668
15990
14768
14727
15709
22051
14737
16922
14728
15930
14807
14718
14928
15700
14728
18645
14708
14858
14748
15519
14698
14958
14707
15880
16391
15479
15669
15128
16010
16141
14817
14677
15279
14788
15069
15018
22673
14778
14707
16872
19085
14728
14527
14658
15248
15610
15269
14577
15780
14788
18555
14838
15920
14528
14858
19025
15529
15008
15399
14527
14447
15098
20248
14707
47720
49643
14928
14867
15118
15239
14798
19577
14898
14848
22352
15018
15820
14738
15469
14717
14837
20028
14998
16651
