10861
10760
10710
10810
11401
10920
11381
10740
13345
13365
11121
11071
10600
10830
10750
10981
11562
10520
10770
16100
10730
11512
11661
10680
16010
11020
10840
14577
10800
10700
10700
10740
10620
10640
13746
11482
13365
10730
11021
10569
11141
10670
10880
11611
10981
10850
11321
10720
11061
10700
11522
10910
10870
14116
10670
10670
11261
10580
11151
15649
10720
10569
11031
11091
10990
10990
10710
16120
10800
10861
10971
10549
10780
11952
11110
10761
10861
14427
16131
16100
11591
13816
16181
11381
10470
14127
16120
10981
11030
13706
10660
16151
10910
10710
16040
16562
10780
16041
10480
10730
