16551
17873
15650
19076
15259
15279
15189
17443
15118
17603
17523
15679
20549
14958
15328
15058
14868
15068
16030
15599
36268
15028
15279
15429
15619
15459
16471
16311
15128
15829
15599
16140
15138
16250
14978
16120
15108
15129
15179
16000
16541
15318
15048
15288
15268
15118
15149
15289
15078
15258
15189
14968
15209
15820
16170
15559
15910
16250
23033
15479
16231
15009
23103
15589
15178
15930
15690
15148
15279
15249
15058
15218
15119
18976
15760
15599
15439
15299
16060
15098
15329
15529
15429
15469
15259
16181
15139
20348
15209
15028
15599
15128
14918
15168
15299
16681
15298
18886
15098
15148
