18234
12173
12033
12743
12253
11922
12253
12874
14758
12193
12243
12013
15059
12163
18394
12974
12063
11972
12052
15910
12093
15960
12333
12564
12052
13174
12573
13155
12674
15629
12143
12163
12123
12644
12333
12273
18044
11742
14848
12714
18244
12313
12103
12454
12504
11983
12483
13305
12013
12353
12123
12353
12053
12163
12403
12273
12223
12253
12082
12213
12053
12754
12092
12093
12573
12023
13625
12453
11992
14969
11833
15720
11973
11782
12173
12473
18225
12032
13204
18144
15008
12844
12093
12163
12944
12744
11882
12333
12123
15879
12173
15429
13145
12102
16361
12153
12313
12484
17884
12484
