44724
31358
31169
31779
31589
31970
36218
34274
31580
38742
32661
31770
31028
36108
33974
33093
31680
41418
31359
32150
31559
47269
35437
31338
31769
34445
31138
33473
31609
31840
36849
36388
31759
31168
32491
47008
36248
31689
33243
35677
31970
31820
31379
34184
35276
36007
31940
31329
36488
39824
47278
31329
31059
31418
31619
34755
31328
31679
31088
38292
31670
32051
31489
43101
40365
31719
31650
31429
32090
36038
31208
31229
31248
31249
32341
31639
31519
31429
40947
39825
31229
38122
32552
31980
40175
32210
31590
34174
41718
32020
31920
31599
31388
31088
48020
34135
31169
35877
47209
33723
