11832
11552
11281
11562
11692
67967
11912
15850
11532
14677
11873
11632
11481
11682
11582
14427
12123
12523
11722
14547
11922
11441
11501
12043
11783
16210
15859
11602
11521
11451
14377
11511
11622
11411
11742
12023
12082
11612
12573
11592
18515
11842
15730
11432
17543
12424
12073
11572
12073
11592
14307
11551
11773
12183
11732
17292
11511
11822
14838
11802
11531
11853
11952
12263
11922
12093
11481
12794
15029
11421
11592
11642
11642
11812
14287
11662
12083
14517
12333
11682
11552
15699
11692
15128
11531
14637
14587
12023
11592
11672
11952
17964
11742
11933
11612
11271
11702
11602
11972
11331
