28664
27512
27902
28423
28523
37881
27913
29736
27752
27893
28223
29335
28553
28013
42119
27271
31689
27261
38202
27702
27702
27472
29996
27973
28183
31950
28022
36799
28023
27722
28092
29004
31649
28613
28133
27923
42389
28233
28965
27892
31880
29094
29104
28403
42670
28423
35326
30538
42239
29445
32231
28404
37400
28033
30467
29385
28343
27621
27993
28093
27972
28543
27762
28594
28363
27822
29586
31089
27712
27632
42179
28915
27892
41628
27602
32170
28062
38883
27592
28724
28504
28143
29024
41578
28142
28133
28012
29636
28153
27963
29115
42099
35126
35156
27832
32161
38412
27722
29225
28032
