5420
6803
6963
5521
7094
6883
7053
5460
7163
6883
5620
5551
5671
7214
6843
6873
5500
7003
6893
7003
5570
5731
7104
5500
6893
5450
6993
7034
5681
5690
5540
5881
7054
5771
7053
5460
5781
5861
6802
6091
5671
6903
5500
6772
7083
5750
5450
5481
5551
5420
6843
6843
6953
7123
6923
7083
6933
5440
6813
5570
5621
5640
5660
5510
5661
5540
6001
7163
7013
5621
5750
5621
5821
7073
7273
7053
5691
7133
7034
7074
5981
5841
5641
5470
6843
7043
5460
7013
7093
5420
7133
6963
5600
7173
7013
5490
6873
5581
5681
7023
