32260
32371
101625
32692
32782
32361
40676
32541
37541
33653
32351
32581
41798
44163
32522
49032
32341
32300
37631
34766
32321
32812
46246
49273
32070
32360
33102
33202
32290
32271
35747
37981
34405
32582
32852
48481
33433
32281
32401
32251
33673
32431
32791
33012
37420
32450
32351
32862
32571
32881
37651
36759
34565
32321
32291
32602
32050
32210
32632
34605
32270
43171
44975
32331
32751
33462
48381
32010
37441
33042
32571
32271
37020
47799
34234
33863
32221
32180
32371
32401
33302
32421
32391
32571
32331
32701
32521
35557
37761
34475
34175
33984
56827
34515
36549
32561
36248
48040
33693
40737
