42019
41207
41899
47249
45075
42189
53651
62878
43883
41508
47790
57198
43943
43011
41748
47699
44984
41808
43121
42580
42890
42169
41879
42249
51917
41818
42139
43482
42149
42409
44754
41608
42280
41868
42430
41789
41698
48380
41758
62267
46337
42209
47659
41518
53451
42350
41528
42359
55063
43031
41578
42019
42069
42019
41478
41859
53901
54983
41357
42019
42801
56366
42329
42600
41468
41799
42039
41188
41598
43812
47910
47870
62768
62277
43652
45926
42319
41949
42811
42440
63389
42059
42159
47930
41428
41618
46978
42239
42921
42550
47899
42971
41538
88647
67035
42180
41408
41308
42731
41708
