1393
1743
1362
1383
1392
1383
1372
1382
1713
1392
1714
1734
1744
1393
1853
1372
1402
1743
1743
1433
1453
1714
1433
1804
1844
1513
1503
1854
1894
1934
1944
1954
1953
1974
1984
1603
1613
1593
1623
1603
1603
1603
1593
1603
1613
1613
1623
1583
1593
1603
1593
1613
1573
1583
1613
1603
1623
1603
1613
1623
1593
1854
1592
1613
1573
1603
1603
1643
1874
1603
1603
1593
1603
1613
1654
1593
1593
1593
1613
1583
1593
1603
1613
1593
1603
1603
2004
1984
1553
1553
1543
1924
1523
1563
1864
1853
1493
1853
1814
1823
