26550
23484
23504
23524
23665
23424
23514
23785
26430
23404
27000
23143
23304
23675
23293
26519
23304
25699
25678
22953
24456
23945
23835
23204
26921
23594
23554
23213
35526
23454
22823
23534
24205
23364
23073
23864
23444
23144
23344
29755
25889
22903
24035
23695
23675
22993
29695
26811
22983
29476
23334
23735
24005
29566
29355
23354
23394
34965
28904
26230
23414
23654
25888
23223
23293
23654
35206
23434
23314
23905
22983
23374
26931
22933
23254
23123
26530
23004
24245
23895
23544
23214
23183
23303
23565
23774
35316
23605
23474
23234
25909
32050
24436
22953
26941
25478
29295
31188
23855
29064
