35757
40766
35246
54402
34925
40095
34745
53090
35507
35807
52018
34575
34855
36338
53180
37781
46117
35908
34605
34765
37239
34806
35396
53992
36158
53120
39514
40336
35076
40456
34615
35667
52499
35506
40335
35427
45436
34585
35487
36178
35126
35036
35797
34876
43161
49082
36679
37160
35296
49122
40155
53461
35387
35807
46418
34986
34755
40386
40186
35377
36038
40426
35557
35166
35396
35677
42209
35346
38071
34565
35777
53030
35176
35246
34835
35286
40055
35547
37460
35737
40496
35136
35616
35977
35406
53380
52729
35527
52548
35246
35497
34956
40005
46748
53440
46267
54663
40536
37320
37952
