54652
36769
37270
36789
47870
51938
36378
46036
41799
36178
42019
36658
50244
37029
41288
36468
38593
36458
41688
41719
36468
36508
41578
39123
48872
51707
39735
55104
41188
53961
36027
41398
37009
36468
36439
46276
48762
38822
36138
36379
54503
36569
38462
52859
36689
36669
39414
51436
36438
41628
37120
38372
36689
39024
36599
37270
38692
36578
38903
36108
37380
47379
36919
36749
36669
37039
36659
36288
36759
36599
37931
41678
36608
37450
36328
36588
36508
36589
37019
36780
37080
41288
36649
43011
36268
36919
36769
47219
36488
36228
36598
42099
36338
36047
41979
55093
36708
37400
41407
36639
