40736
40456
42790
51257
42199
39414
41278
39274
45916
39344
39424
43582
40606
58650
39965
39735
44714
40015
40176
45295
40095
51226
39705
39855
39745
39935
40997
52188
49693
40456
39995
59422
42981
58780
45576
39694
42941
53771
40986
42259
41959
39024
41669
40176
39845
52318
43863
58640
52649
60414
49973
40346
39594
39554
46116
40466
39484
39855
45145
53982
43171
39063
59812
44173
41998
43672
39154
45906
39814
39504
42309
39845
46327
54052
39935
42389
39965
40325
45856
62367
39895
41988
39945
39183
43382
60734
39314
39995
41268
45265
44203
39264
43502
42429
53891
40046
43000
44784
39213
39514
