7935
8036
8105
7855
8035
8296
8677
7885
7845
7915
10119
7905
10089
7905
8416
9949
7705
10159
8035
7975
7834
10429
7825
7815
8476
8156
9928
7925
8045
9738
7825
7925
8135
10370
9919
7985
8176
7955
10360
7754
7914
8125
8466
7955
8706
7865
7765
7805
7815
7775
8156
8005
7895
10399
8045
8065
7894
9648
8025
10099
7835
8155
8076
8125
58710
8165
7915
10069
7914
7795
7905
9739
8226
7825
8246
9878
7955
7774
7774
8106
7995
8115
10089
7935
7975
10009
7945
7814
8095
7875
10039
8085
7775
10209
8085
8035
7775
8146
7774
9888
