44614
45395
45806
45064
56195
58109
45134
45004
47259
45956
46247
67566
51576
50244
68389
47289
51928
48622
45154
51517
68168
51396
55033
51206
51666
44935
44583
50685
52138
45626
52398
44463
51456
68759
44524
49283
48572
45776
46908
45565
45876
44925
48421
45446
51346
51126
57558
44884
45185
45295
44573
45365
51577
44954
45295
45525
47449
59151
72186
44594
67707
44965
46337
45616
47219
47189
50124
44794
49423
62017
57257
59231
45305
51837
47148
44554
66785
51657
45756
45626
45705
45646
44594
45225
55654
45615
49022
45726
52408
44834
56406
51818
45175
52008
69019
44474
44673
67897
52138
45916
