37680
38201
37611
32932
33142
33122
34294
33473
34244
33352
33613
33402
34475
34094
33263
33292
42840
46377
33714
33152
34535
36168
33984
36769
33824
33212
38161
34344
33002
49323
38773
32832
33522
38602
33563
37691
43502
34655
33292
37941
33854
33042
49062
33663
33323
42800
33333
38012
36368
44553
33693
53340
41387
33272
33062
38653
32841
47469
34575
33614
37811
50936
32952
51026
33152
32962
33714
33503
35016
33593
43813
37751
38352
38152
38372
50545
34665
33503
47369
42720
33453
33202
33463
33113
47940
33473
33292
33082
33162
33412
33192
44303
33563
35697
50595
33153
33292
36699
38272
48320
