29775
29336
31279
29345
41558
29746
32411
28744
44182
29556
31630
33824
29275
29786
29566
29786
29616
29996
32471
33553
29946
29535
30296
29175
30097
29376
43372
28844
33072
32451
31940
30107
28814
33102
32782
33263
28975
29115
44954
39234
33803
29465
29967
29546
31159
29866
29736
28954
29074
29426
30017
33433
37290
31148
29445
36729
33263
42310
39504
29345
32220
31510
30087
37651
30888
29525
29395
29746
29125
29175
32230
37931
29195
37050
36518
29295
31359
29776
30968
34074
43972
30127
29425
29495
29725
43642
29105
29395
31790
29445
33493
29856
29275
29947
34164
29345
33813
32260
29004
29626
