52669
56186
58320
39224
39384
49763
41468
50895
42941
39334
39805
44974
39063
41327
39544
38512
39244
40516
41758
38853
39785
39745
45235
60013
41879
45305
39634
39664
44233
44624
39303
39424
56125
38773
39655
39775
39825
38833
39153
39624
39394
41838
41238
41819
40836
39644
39734
39033
59883
38883
41337
39073
39184
43952
39644
39494
52569
39825
59221
92984
38802
39834
39213
50145
39845
54021
44613
39043
45035
39364
39163
39694
49432
39614
39464
38953
40666
58820
55194
40205
40015
39504
39524
55464
38773
40135
41407
39474
44874
39204
42860
39113
56736
45355
41297
39464
39324
38622
38562
39775
