36218
35978
36379
36569
36699
36629
36618
41127
35737
35757
35978
36228
35657
36078
36509
35597
36539
37650
35407
36047
36178
35446
38342
39785
41648
49282
41628
54993
36107
41999
36028
40386
37911
36709
36489
38723
41468
41889
41658
53691
36308
54302
45646
36358
44373
36128
37100
36579
36308
35978
37029
41078
35707
40857
38201
40736
36249
38251
37731
36008
36068
36608
36348
35878
36398
46588
36629
36138
36308
37019
50715
36098
36689
36498
36158
35417
37059
36438
36027
36479
35998
36749
37030
35817
35687
36218
40115
35997
46798
46668
36218
41057
41317
54352
36088
38141
36809
36278
35537
35446
