37911
40265
36869
37059
37801
37791
50825
37541
49703
42390
40205
36549
42329
38543
36950
36478
39734
37209
37640
52749
42119
36789
39695
42099
37280
54622
37440
54793
43441
36879
37190
36348
37090
47188
36940
36950
38392
39724
37130
39785
37611
42159
38592
37370
42500
36338
37200
37270
227848
37220
42019
36959
36829
43131
41227
39504
36619
41107
42369
36489
37230
40446
36588
39053
39815
37180
37180
36268
36989
51457
36809
36588
42139
37921
37450
52769
56075
36528
41858
37290
37280
39033
37170
45977
37000
37270
37190
37270
38662
56546
38132
37320
37410
44484
36749
55124
37501
40496
37831
46838
