100 561.65 5.6165 892 521 100 graficos/hash/hash_worst-100-100.txt
200 1030.45 10.3045 992 1002 100 graficos/hash/hash_worst-100-200.txt
300 1640.53 16.4053 2004 1362 100 graficos/hash/hash_worst-100-300.txt
400 2151.08 21.5108 2525 1783 100 graficos/hash/hash_worst-100-400.txt
500 2689.32 26.8932 3787 2214 100 graficos/hash/hash_worst-100-500.txt
600 3167.98 31.6798 4058 2654 100 graficos/hash/hash_worst-100-600.txt
700 3743.36 37.4336 4398 3105 100 graficos/hash/hash_worst-100-700.txt
800 4196.24 41.9624 4909 3607 100 graficos/hash/hash_worst-100-800.txt
900 4662.21 46.6221 5501 4048 100 graficos/hash/hash_worst-100-900.txt
1000 5352.03 53.5203 6262 4529 100 graficos/hash/hash_worst-100-1000.txt
1100 6003.75 60.0375 6783 4910 100 graficos/hash/hash_worst-100-1100.txt
1200 6297.47 62.9747 7273 5420 100 graficos/hash/hash_worst-100-1200.txt
1300 7109.01 71.0901 9357 15649 100 graficos/hash/hash_worst-100-1300.txt
1400 7429.73 74.2973 9127 6392 100 graficos/hash/hash_worst-100-1400.txt
1500 7757.51 77.5751 9167 10210 100 graficos/hash/hash_worst-100-1500.txt
1600 9321.92 93.2192 9738 7274 100 graficos/hash/hash_worst-100-1600.txt
1700 8936.83 89.3683 9949 10009 100 graficos/hash/hash_worst-100-1700.txt
1800 9113.94 91.1394 9557 10320 100 graficos/hash/hash_worst-100-1800.txt
1900 9535.64 95.3564 9738 10059 100 graficos/hash/hash_worst-100-1900.txt
2000 9966.27 99.6627 9969 10009 100 graficos/hash/hash_worst-100-2000.txt
2100 10422.7 104.227 9998 10019 100 graficos/hash/hash_worst-100-2100.txt
2200 11045.1 110.451 9989 10009 100 graficos/hash/hash_worst-100-2200.txt
2300 11840.7 118.407 16562 10470 100 graficos/hash/hash_worst-100-2300.txt
2400 12386.6 123.866 17242 10800 100 graficos/hash/hash_worst-100-2400.txt
2500 13117.2 131.172 67967 11271 100 graficos/hash/hash_worst-100-2500.txt
2600 13121.3 131.213 18394 11742 100 graficos/hash/hash_worst-100-2600.txt
2700 13305.8 133.058 25097 12253 100 graficos/hash/hash_worst-100-2700.txt
2800 14159.2 141.592 35497 12544 100 graficos/hash/hash_worst-100-2800.txt
2900 14113.4 141.134 20248 13025 100 graficos/hash/hash_worst-100-2900.txt
3000 14712.2 147.122 26991 13566 100 graficos/hash/hash_worst-100-3000.txt
3100 15859.3 158.593 36268 13927 100 graficos/hash/hash_worst-100-3100.txt
3200 16418.8 164.188 49643 14447 100 graficos/hash/hash_worst-100-3200.txt
3300 16112.8 161.128 36268 14868 100 graficos/hash/hash_worst-100-3300.txt
3400 16464.6 164.646 24256 15239 100 graficos/hash/hash_worst-100-3400.txt
3500 17221.1 172.211 40326 15679 100 graficos/hash/hash_worst-100-3500.txt
3600 17973.7 179.737 28524 16141 100 graficos/hash/hash_worst-100-3600.txt
3700 20018.3 200.183 55504 16561 100 graficos/hash/hash_worst-100-3700.txt
3800 19627 196.27 26590 16992 100 graficos/hash/hash_worst-100-3800.txt
3900 21408.6 214.086 91101 17483 100 graficos/hash/hash_worst-100-3900.txt
4000 20047 200.47 28092 17993 100 graficos/hash/hash_worst-100-4000.txt
4100 20571.4 205.714 29315 18425 100 graficos/hash/hash_worst-100-4100.txt
4200 21182.8 211.828 66605 18885 100 graficos/hash/hash_worst-100-4200.txt
4300 20760.3 207.603 37079 19186 100 graficos/hash/hash_worst-100-4300.txt
4400 21211.2 212.112 29756 19667 100 graficos/hash/hash_worst-100-4400.txt
4500 22810.6 228.106 59532 20197 100 graficos/hash/hash_worst-100-4500.txt
4600 23566.3 235.663 48701 20598 100 graficos/hash/hash_worst-100-4600.txt
4700 24372.3 243.723 46888 21079 100 graficos/hash/hash_worst-100-4700.txt
4800 23919.3 239.193 46788 21500 100 graficos/hash/hash_worst-100-4800.txt
4900 24379.7 243.797 33874 22052 100 graficos/hash/hash_worst-100-4900.txt
5000 25211.8 252.118 62167 22422 100 graficos/hash/hash_worst-100-5000.txt
5100 25037.4 250.374 35526 22823 100 graficos/hash/hash_worst-100-5100.txt
5200 25859.2 258.592 36759 23314 100 graficos/hash/hash_worst-100-5200.txt
5300 27769 277.69 93295 23795 100 graficos/hash/hash_worst-100-5300.txt
5400 27288.5 272.885 56796 24175 100 graficos/hash/hash_worst-100-5400.txt
5500 28277.2 282.772 69961 24596 100 graficos/hash/hash_worst-100-5500.txt
5600 28706.6 287.066 55384 25107 100 graficos/hash/hash_worst-100-5600.txt
5700 27628.1 276.281 39755 25558 100 graficos/hash/hash_worst-100-5700.txt
5800 28964.5 289.645 53701 25969 100 graficos/hash/hash_worst-100-5800.txt
5900 29630 296.3 83895 26499 100 graficos/hash/hash_worst-100-5900.txt
6000 30848.3 308.483 44643 26950 100 graficos/hash/hash_worst-100-6000.txt
6100 30512.8 305.128 42670 27261 100 graficos/hash/hash_worst-100-6100.txt
6200 31529.1 315.291 66885 27762 100 graficos/hash/hash_worst-100-6200.txt
6300 31372.5 313.725 44403 28283 100 graficos/hash/hash_worst-100-6300.txt
6400 32019.9 320.199 44954 28744 100 graficos/hash/hash_worst-100-6400.txt
6500 32639.8 326.398 45345 29095 100 graficos/hash/hash_worst-100-6500.txt
6600 34263.7 342.637 71505 29506 100 graficos/hash/hash_worst-100-6600.txt
6700 34127.9 341.279 88075 29936 100 graficos/hash/hash_worst-100-6700.txt
6800 33620.1 336.201 57438 30367 100 graficos/hash/hash_worst-100-6800.txt
6900 34272.4 342.724 48020 31028 100 graficos/hash/hash_worst-100-6900.txt
7000 34941.2 349.412 64601 31439 100 graficos/hash/hash_worst-100-7000.txt
7100 35966 359.66 56827 101625 100 graficos/hash/hash_worst-100-7100.txt
7200 36660.7 366.607 56426 32331 100 graficos/hash/hash_worst-100-7200.txt
7300 37084.7 370.847 53340 32832 100 graficos/hash/hash_worst-100-7300.txt
7400 36923.7 369.237 51828 33072 100 graficos/hash/hash_worst-100-7400.txt
7500 37587.1 375.871 83637 33663 100 graficos/hash/hash_worst-100-7500.txt
7600 38644.6 386.446 52298 34034 100 graficos/hash/hash_worst-100-7600.txt
7700 39666.1 396.661 54663 34565 100 graficos/hash/hash_worst-100-7700.txt
7800 40167.7 401.677 95038 34945 100 graficos/hash/hash_worst-100-7800.txt
7900 38605.7 386.057 54993 35407 100 graficos/hash/hash_worst-100-7900.txt
8000 40059.7 400.597 55104 36027 100 graficos/hash/hash_worst-100-8000.txt
8100 42117.1 421.171 56546 227848 100 graficos/hash/hash_worst-100-8100.txt
8200 41094.7 410.947 56917 36779 100 graficos/hash/hash_worst-100-8200.txt
8300 41123.7 411.237 58389 37189 100 graficos/hash/hash_worst-100-8300.txt
8400 42527.1 425.271 99136 37480 100 graficos/hash/hash_worst-100-8400.txt
8500 43061 430.61 59842 125696 100 graficos/hash/hash_worst-100-8500.txt
8600 43445.7 434.457 92984 38512 100 graficos/hash/hash_worst-100-8600.txt
8700 44106.5 441.065 62367 39024 100 graficos/hash/hash_worst-100-8700.txt
8800 43717.4 437.174 62437 110738 100 graficos/hash/hash_worst-100-8800.txt
8900 43830.7 438.307 61224 39955 100 graficos/hash/hash_worst-100-8900.txt
9000 44541.1 445.411 69670 40336 100 graficos/hash/hash_worst-100-9000.txt
9100 46045.4 460.454 62808 40806 100 graficos/hash/hash_worst-100-9100.txt
9200 45627.8 456.278 88647 41188 100 graficos/hash/hash_worst-100-9200.txt
9300 44748.1 447.481 62768 41578 100 graficos/hash/hash_worst-100-9300.txt
9400 48159.4 481.594 65263 42279 100 graficos/hash/hash_worst-100-9400.txt
9500 47938.3 479.383 65974 42660 100 graficos/hash/hash_worst-100-9500.txt
9600 49966.4 499.664 66726 126912 100 graficos/hash/hash_worst-100-9600.txt
9700 49431.6 494.316 67637 122660 100 graficos/hash/hash_worst-100-9700.txt
9800 49777.9 497.779 68318 43832 100 graficos/hash/hash_worst-100-9800.txt
9900 50254.4 502.544 72186 44463 100 graficos/hash/hash_worst-100-9900.txt
10000 49834.2 498.342 68759 103755 100 graficos/hash/hash_worst-100-10000.txt
