22001
27802
22402
21982
22232
23004
22031
25498
24636
23114
22111
22232
22101
31589
22261
21760
21721
22432
22362
25367
21710
21901
22151
21791
21841
21800
21972
22031
21751
22482
32731
22342
23264
22131
21701
25378
22171
22231
29846
22111
22432
21881
22071
23865
21721
46788
21901
21741
22021
21941
29726
23514
21671
23454
22192
22382
22743
33583
31379
21831
23023
22021
33413
22001
22442
22222
21721
25288
24887
21500
32842
22011
32311
22212
22182
23394
24226
32401
22923
21701
24937
21891
21630
21700
21992
22302
23454
21911
22582
22061
24476
21931
22723
21631
32591
24746
25538
24236
21941
22122
