50906
34475
39334
34164
34685
39093
35837
34776
50945
34064
36418
39474
36388
34504
35316
35156
39263
34414
35556
36889
43652
35276
35226
33693
35467
34605
34224
37210
34574
36037
33873
51677
34865
34063
33704
34455
34134
51898
39774
34415
34154
34455
33763
34535
34315
51196
34124
39544
36318
33663
34795
33873
39264
39614
36799
34876
33833
33793
37811
37801
35948
40756
36208
34575
37260
43712
34424
34264
36498
34515
35297
47589
39614
34675
38452
83637
36178
45536
35657
33863
33753
36248
51888
34314
34264
33663
34294
34605
34294
34495
34424
39704
34024
36729
39114
34254
36619
36909
35627
47820
