16881
15960
15930
16010
16130
16050
16190
16311
24285
16271
16191
17333
16431
16110
16832
16300
16130
15990
16240
16060
16711
16120
16311
16061
24215
16321
16511
17052
16541
16151
16290
20889
16290
16140
16050
16320
16240
16381
16111
40326
16201
16811
15880
15679
17573
23884
16200
18184
16381
16321
16351
16681
17262
16260
16541
17122
16241
17603
16071
16491
16330
16852
16351
16321
16070
17413
16070
24255
16250
16330
16582
15800
16471
16982
21089
16200
16150
16050
16291
18605
17102
15970
16741
16170
16331
16301
17593
16271
15940
20659
16801
16010
24075
18064
16852
16220
16380
16531
16822
16410
