44324
50514
43311
44453
44714
66155
43462
48211
43201
43561
46788
48371
49824
54542
43682
44464
46167
43642
43562
43903
48301
65724
43291
43792
65183
49934
44364
45244
46237
44944
45004
66726
50205
44483
44173
43302
49784
66585
43261
43512
44884
50544
55525
44043
43381
43702
43702
49844
43983
49774
45265
44714
54583
49482
52639
44634
44093
44493
46197
44604
43862
43131
43602
43652
59322
61336
60243
52289
63068
58590
169718
43923
44854
44243
43742
43962
43321
59942
50716
48471
126912
49644
43442
65914
43962
43912
46287
43752
43621
43792
44403
48801
45015
43301
44954
43341
50575
43752
44443
43842
