44744
45986
51537
46176
46067
45485
50525
52088
45255
52048
55995
46237
49604
47048
52168
45495
68198
45446
46197
46527
45515
46267
45395
52608
45646
52087
45516
45335
60994
67467
51798
49934
45846
45616
45616
46017
45505
45866
44914
51537
45816
45916
54893
52098
45846
51877
59211
45926
45936
68419
47810
46116
54022
44864
60354
45716
45815
44925
47970
45826
50755
45665
45305
52057
47980
46938
45986
46418
50896
62587
47359
68759
46166
46307
45505
46197
49493
49864
57348
45526
50986
48331
45816
46317
68689
47709
45897
46066
51387
52920
45094
49523
103755
45185
45225
44925
45445
45936
45796
49643
