34615
31770
31650
31439
46978
37039
31800
47950
48281
32131
38432
32401
32200
32150
35957
31950
36829
31910
33012
31960
32251
34545
32040
32271
32441
35316
31619
33753
35447
32541
39885
32140
32932
32992
43191
36498
40055
32121
35396
36208
32160
32631
31499
32341
36809
36930
31790
31720
32131
36408
32320
32000
32250
40216
32251
32190
34454
36659
31990
32400
32040
32150
31920
32992
32331
32942
32612
31960
34324
36358
32682
41988
36028
45305
32842
32291
48621
36509
47870
32000
31940
31679
32801
31709
31439
32501
35156
33864
31890
33893
41528
33793
36429
34023
64601
34034
34916
32531
32261
32121
