9298
9328
8807
9177
8867
9077
8777
8736
10941
9257
8886
9037
9248
9107
9288
8967
9147
9278
9488
8917
9107
9138
8967
9338
8917
44233
8716
8857
9678
8967
8917
9428
8827
9117
8927
9478
9457
11091
8876
10900
8866
11261
9087
8907
9398
9177
9497
9097
9127
9638
8856
9047
9147
9387
8807
9257
9267
9217
8927
9007
9308
9097
8837
9418
9187
8877
8746
10059
8857
8857
9268
9147
9518
9288
9738
8897
9077
9298
9037
9167
8726
8897
8846
9047
9167
9217
9007
9167
8816
9298
9128
9077
9047
9047
8917
9027
8917
8986
8977
9037
