12754
9768
9838
12023
9968
9628
9748
10529
9939
9818
9788
10380
9888
10149
9858
9929
10038
10840
9998
9888
10300
9828
10810
9889
12353
9768
9699
9598
9899
9788
9949
9919
9958
9979
10329
10019
9909
10229
9858
14277
9919
9848
9698
9708
9969
9739
9889
10249
9748
9738
9989
9748
9939
9858
9828
9568
14427
9718
9779
10289
9808
10940
9808
36880
9979
10190
9919
9828
9868
10109
9848
9939
9828
9908
10791
9808
9929
9819
10299
13004
9908
9909
9818
10219
10099
9768
9648
10791
10099
9979
9848
10459
9809
9938
9578
9688
9928
9968
9818
9718
