4098
4047
4107
3948
4038
3165
3987
4047
3938
3166
3977
3957
3928
3216
4017
4018
3877
3146
3867
4077
3296
3146
4008
4028
3226
3968
3236
3867
3937
3907
3877
3897
3937
3166
3877
4048
3987
3977
3857
3917
4087
4028
4018
3978
3968
4048
4088
3146
3958
3897
4018
4398
3938
4308
3156
4057
3136
3105
3216
3918
3868
3897
3998
3997
3977
3186
3927
3968
3898
3196
3958
3186
3166
3266
3957
3997
3226
3216
3206
3216
3186
3236
4037
3907
4068
4038
3176
3997
3186
3196
3276
4108
4077
3987
3166
4017
3977
3997
3185
3967
