28493
26440
25709
35527
25007
26459
26760
25217
25037
25377
25127
25257
37140
25107
38101
32531
36238
24827
29135
25167
25197
35757
32370
28273
25458
24596
25177
38181
25037
37601
25327
24746
25718
25117
24746
25118
32201
31449
24887
24987
25298
25628
25608
25378
25478
25548
26690
25377
69961
35066
25508
25057
36899
30357
37270
25147
28654
25428
28614
25288
25037
35306
25147
25799
24897
24847
25327
28664
33934
25518
26109
25598
25688
24897
27120
24947
37721
25437
25318
25298
25357
25207
28965
32311
25568
25087
31639
29014
40436
24676
25528
25507
25818
27011
25979
24967
28573
25749
33433
25438
