46808
37771
37150
37561
56917
55424
56616
37070
37270
37370
48030
37671
49603
37451
46468
37500
37671
37290
49984
53961
42901
37411
37691
36819
37891
37080
38271
37099
38402
42780
37000
43361
37220
37089
40275
37511
37801
55654
36869
36829
37480
38111
38091
36920
37330
37851
38432
39564
41458
38312
39414
36779
37280
56726
37801
49062
38863
37250
37310
37380
36989
38262
37912
38222
38392
39173
37280
55875
40717
42450
49152
42529
37951
37922
56737
46928
48982
37540
46748
37581
40676
38412
37851
37600
38482
37551
40416
37410
37530
41127
37310
56866
37330
44403
38322
38292
56496
37821
38192
37089
