4689
4568
5891
5761
4589
5680
5691
4598
4649
5921
5841
5821
5801
4618
4679
4649
4669
4729
4759
5801
5861
5801
4649
5841
5871
5771
4679
5861
5681
4789
4639
4709
4779
5942
5921
5881
4809
4970
5691
5771
4719
6262
5801
4789
5891
5771
4719
4599
4608
5810
4698
4649
5921
4709
6031
5721
5861
4890
4739
4759
6011
5821
5751
5801
5861
5791
5942
5861
4569
5781
4799
5761
5821
4689
4779
5230
4659
5882
5741
4599
5981
5731
4529
5710
5821
4799
5791
5881
4699
4779
5831
5871
5721
5952
5891
5811
5911
5851
4649
4578
