18675
18164
19377
19386
18465
20879
18805
27902
18164
18515
18214
28092
20198
20719
18215
18214
18484
21049
19396
27992
18174
18945
27201
18094
18464
22692
18424
18465
18425
17993
18385
18174
27111
18605
18234
18314
21431
18444
18554
27882
18375
18665
18755
18375
20208
18245
18254
18104
23144
21470
27982
18786
18745
18344
25037
23815
18395
20108
18365
18174
18174
24085
18394
18465
18254
18154
18735
19447
18595
18595
18285
19316
20729
18325
18675
18825
18424
20318
22993
18915
24576
18405
25117
27592
18354
18645
18364
18946
24957
18595
18835
24907
18585
18995
18214
19236
18906
18715
18214
18574
