44293
44573
44233
45145
51307
44534
44223
44573
50134
169453
67717
56696
44633
67567
45586
66816
46016
44965
47900
44413
44434
44724
46347
51106
67186
44714
44002
44764
47850
45185
51096
44183
84068
44183
62096
51136
44734
44543
45135
44974
46086
57798
44984
44434
44855
45175
44474
44403
67326
44764
44494
61285
45155
49663
48551
44253
52588
45084
44394
44754
60794
56987
47950
44584
45065
49323
76563
62738
50985
67166
67797
44564
44363
51266
44504
51477
44724
44062
62377
44784
68458
44543
50825
45095
44284
47139
46467
45315
50966
45385
44844
49152
46457
44654
45094
45275
45386
44143
44483
45596
