46317
52389
53441
50334
64201
53180
58259
59452
63859
46086
46748
53270
46998
48371
59482
52128
70672
53260
46648
53410
47169
58911
46578
46527
47188
46687
45966
46848
46517
59432
47309
53250
46597
53230
61996
46226
51917
45886
47680
46237
53180
53150
71204
46116
64882
53230
53942
47599
59511
46468
76304
46958
47610
60634
46617
49623
45856
46989
57598
60764
46597
53190
46568
57538
47069
46136
49123
64391
46277
46126
53280
46467
46698
66535
52549
46778
46297
53200
46758
46397
53270
47379
59903
46207
46417
48421
46337
53400
66265
46647
45866
49834
59342
48121
46297
45886
46387
46698
57548
45966
