36468
29766
33022
28573
32992
39354
28904
28734
30387
29596
28664
43742
31019
40165
28955
36188
37400
36268
29505
36619
36909
28664
29094
35777
28764
28914
37340
32160
29144
33984
29225
29716
83136
32061
30758
28874
28754
38032
28694
28754
32951
29125
37881
29064
28694
28894
35907
128810
29045
35808
28754
30818
28814
36188
29475
38802
32551
28974
29385
28944
37711
54001
29185
28834
28553
28583
28985
28894
28744
28674
28724
36028
29315
43672
36568
28744
33042
37260
29114
28704
36389
36609
39885
35957
36608
29215
28985
29325
28904
28644
36629
29174
36178
37992
43792
36098
29165
36518
31278
36118
