7324
7173
8986
8927
7153
9017
7183
7203
7514
7164
9047
9348
9077
9337
7293
7153
7444
7223
8986
9348
9047
9047
9348
9137
9247
7313
7213
9107
25558
9037
9238
9047
9057
9067
9137
7273
8987
7534
7554
7254
7254
7595
7284
7444
7183
7154
8987
8967
7354
8947
9127
7223
9278
7154
7635
9227
7174
7154
7193
7213
8957
9026
7313
9197
7414
9147
8897
7194
9158
9268
7253
7244
9057
7494
7214
8937
9207
7224
9037
7214
7193
7544
9097
9197
7575
7624
9468
9017
7484
9006
8957
9047
9007
9057
7254
9358
9147
9468
7254
9217
