39013
42499
40085
39614
39334
39183
39464
40145
40386
45565
39704
39544
42670
45195
41478
39895
39654
52208
39094
39814
40446
39894
45255
59772
39394
39063
40225
39664
40045
39965
39134
41538
40105
39064
45456
39023
39384
44483
39644
45405
39654
42620
39163
51336
39665
40365
45035
57277
45415
39645
60404
39685
50575
39083
40116
40597
40606
41037
39204
39484
49073
49092
39554
39634
39765
51116
40156
41718
39383
45385
39825
52218
39003
59111
50494
39404
39925
45325
45195
41258
41658
45385
45195
59823
39654
42239
39364
39594
39374
60603
41699
39604
60333
55855
39604
45245
42300
39895
39073
39394
