18765
18154
18265
18094
19035
27231
26039
18135
18554
18454
18033
18475
23094
18365
18384
18204
18395
18285
18234
18355
18334
19838
19646
18935
18245
22913
18274
18264
18295
20809
18124
18134
18385
18475
18405
23264
27161
18184
18414
18344
18194
18525
18324
19657
18785
18295
19056
27813
27361
18605
18054
27472
18334
18414
18104
18064
23314
18074
18164
18464
27301
17933
18074
18314
18195
18265
20809
18034
18184
18345
18495
18334
18405
18425
18234
20899
18675
18375
18013
18304
18204
19246
18114
18094
18354
18063
18074
18034
19246
27341
18645
22853
17973
18795
18164
18264
18284
18745
18374
20739
