27472
28564
26009
36638
25598
25478
26159
25508
27091
29225
25478
25799
25878
25968
25417
25838
25958
26089
25728
28503
26780
29405
33724
25849
25378
25427
25979
25428
33874
32611
25598
25377
26079
25538
25528
25467
26831
28754
28173
36388
38442
29075
25498
25578
25258
26540
25478
27963
29345
25277
31028
26119
25638
25337
27973
33643
26038
26330
25869
25377
25618
25818
38111
25718
25547
29325
25528
25628
25969
41698
25618
36589
27201
34925
32290
34264
26921
27792
25618
28553
25468
32381
32311
32201
32220
32421
32411
25618
26109
25709
32050
25689
25688
28313
38883
25928
29234
29215
29265
29255
