6863
18545
8586
6742
8606
6833
8606
6973
8465
6812
7003
8646
8787
6703
6693
6953
6873
8526
8516
8636
8826
6682
6713
8516
6913
8676
8576
6863
6943
8476
7043
8406
6713
7044
6743
8546
8456
6903
6832
8536
6772
8646
6933
6963
8666
6773
6793
8566
6722
6863
6682
6703
6953
6703
8446
8426
8536
8766
7073
6843
8747
7424
8416
6662
6994
6692
8707
6683
8366
8696
6773
6813
8346
7163
8275
6693
6633
8326
8576
6613
8536
8355
6753
6923
6763
8677
6803
6773
8395
8826
7073
6862
6893
6762
6873
6803
6633
8376
6863
6752
