12213
12213
12183
12954
12303
15199
12163
12604
12373
12964
12203
12273
12463
12113
12303
12844
12153
12243
12514
12093
13826
13085
12113
12152
13015
12734
12083
12113
12734
12103
12303
12723
12353
18164
12183
12153
12203
12243
14016
12193
12263
14086
12172
13345
12864
12343
15750
12333
12122
12273
12984
12133
12183
12192
12383
13575
18144
13405
12684
12203
12414
12894
14246
12424
12183
16952
12103
12173
12183
12624
12142
12754
12113
12984
12113
12614
12213
12875
12443
12193
12193
12213
12955
12122
12173
12313
13265
12133
12353
13405
12133
12574
15178
29175
12243
13365
12102
12153
12173
13616
