53670
48411
41448
48050
41428
41758
42399
53110
42861
47840
42019
45044
43201
51777
47810
48521
42259
41598
43181
42099
58149
41849
61896
42489
41698
41518
43181
41558
42230
41478
57128
59792
47769
63078
41778
55845
47880
48171
47910
54332
47249
42119
54523
42119
41568
41979
41608
43281
41398
41738
51707
41629
53760
55324
41438
41779
54302
42169
47890
41888
42029
58018
63489
44082
42019
47629
41899
41608
47930
42149
41899
42280
41798
58480
42219
57467
41528
48121
42780
41858
41337
52108
95880
41398
48020
43802
54161
41969
46698
45716
42730
52850
41498
52759
63409
41638
43752
45255
61986
41658
