1011
1042
1112
1022
1022
1012
1032
1032
1012
1011
1022
1042
1042
1022
1212
1032
1022
1012
1022
1012
1032
1022
1052
1032
1012
1032
1032
1032
1082
1022
1022
1032
1011
1012
1012
1032
1042
1032
1032
1293
1052
1032
1032
1042
1022
1112
1012
1022
1022
1272
1272
1302
1322
1042
1072
1021
1002
1262
1273
1032
1042
1012
1263
1042
1313
1292
1041
1323
1051
1283
1032
1062
1293
1293
1292
1312
1292
1282
1012
1313
1282
1302
1272
1293
1252
1273
1032
1323
1293
1292
1283
1332
1272
1032
1313
1292
1392
1313
1272
1272
