29936
37601
43923
37591
29726
29966
45355
37160
37360
29806
29676
33594
30287
30277
37962
30477
37681
37410
44784
29957
37891
37591
29756
29846
29826
37380
37501
29996
30106
29876
37501
38311
45085
29766
41698
44894
30096
41408
34104
44744
37911
37881
37551
29917
30177
37630
40366
29916
29937
37991
31078
29826
45386
30828
29626
29846
30127
34074
29676
30387
30367
30207
29676
29786
29515
32261
37801
45005
45195
30908
30968
29455
45024
29495
30267
30447
34054
33713
34244
29585
30107
29756
29585
29896
29586
29786
39514
45054
32771
29846
31309
40106
29826
29736
29716
32020
31820
29896
29766
31800
