5150
4839
4960
3887
4789
3867
4869
4809
3897
3797
4809
4939
3887
4870
5320
4880
4799
4849
4779
4768
4809
3927
3897
4399
5019
4839
4819
3857
6252
4769
4899
3907
3867
3937
3977
3798
3817
3867
3847
4759
4779
59702
4869
3858
4759
4739
4779
4809
3877
4779
4889
4799
4859
4979
4869
4980
4849
3857
4869
4950
4880
4869
3867
4809
4869
3837
3877
3867
3958
4919
4809
4809
3807
4809
4900
3877
4829
4930
3827
4899
4799
3827
3827
4839
4859
4940
3828
3938
4759
4869
3878
4769
3837
4078
4028
4789
4879
4829
4949
4819
