52759
42290
48371
47189
41858
42239
47178
42650
41918
42711
45094
42509
46788
42149
42550
42890
42820
79530
43321
42640
43431
63690
42530
42540
42620
41949
104045
53240
42750
52859
62658
49402
47860
43131
59101
41969
55123
46488
42750
46107
42229
42089
45816
42570
42360
45526
45746
45265
42750
84338
42690
41898
42860
42520
42370
54953
42479
42289
41828
42620
42369
48350
54262
50856
42420
47510
63950
42159
42921
41748
43302
42059
54152
43261
42881
44433
46497
42870
42730
43041
41899
46617
42430
42490
63599
42269
80201
45135
48020
48340
48571
47790
48010
55124
48200
42229
48561
48341
43011
63439
