34324
22883
28424
22793
22702
22733
22953
22973
23775
22692
22723
22763
26169
22612
32160
40025
23203
26099
23163
26139
24245
22953
26339
22823
23734
23604
23073
22993
23203
24706
22813
23164
24867
24607
22903
22682
22732
22673
23434
22733
25578
23134
22883
22893
27702
25958
22863
24346
26059
23133
26059
23043
30968
23774
22733
29786
29145
22683
23775
22903
22782
23064
22863
22933
22973
22743
25588
23064
28904
23274
23284
24305
24646
22913
23164
25267
22793
22732
23024
25278
24937
22683
26149
22843
23224
22963
22663
30428
23283
23053
22993
22893
22893
22773
32571
22713
22913
22752
30107
22743
