26570
26260
37931
34735
26700
26720
27522
27352
26209
28514
39584
26810
26951
26199
28243
26199
26430
27512
29265
39815
30147
29595
26389
27242
26800
28323
27541
26349
33703
26219
28123
30317
26540
26681
26900
27923
26810
33343
34114
26971
33282
34996
33403
26410
33382
26510
26740
33513
36308
26630
33433
26770
26599
26400
26160
29015
27342
26490
30206
26520
26780
26219
26630
26409
33663
26610
26360
30367
26731
27241
27642
26279
26530
33934
26660
26750
35297
33092
26891
32952
27060
33613
54543
308870
26560
26750
26911
103915
26920
33433
33312
42520
26600
26590
26991
26990
52879
26820
29305
33453
