23794
23885
24306
23714
23824
25498
23645
27201
23494
35477
25548
27482
23484
23595
23875
23895
23644
35216
23674
23915
27151
27451
24116
23714
23685
33062
24165
23975
24025
24036
33183
23704
30377
25568
23474
23544
24175
23614
32000
23524
23685
23714
27251
35236
23604
27251
23664
23765
23755
23414
35036
26560
35757
25999
24206
23474
23794
32170
23895
23935
35467
23805
24045
23845
26790
32611
23524
23565
23855
26650
32270
24025
23925
23655
27141
23995
23424
35437
27080
23624
31639
23805
23564
39063
23985
23705
24015
23654
25047
35707
25458
23714
23484
23885
24246
23464
24546
24145
23965
23545
