33272
37340
33864
33543
72296
38272
33493
38482
34565
33613
33613
47469
33052
46107
51637
38412
34765
33122
38513
34114
33583
33152
38402
35456
38182
33804
44333
39274
33513
34756
43181
65683
50755
43071
42971
49934
33393
33252
33032
34064
33112
38272
38262
51537
38292
33633
38282
33112
44333
33533
37440
33824
33332
45866
33403
33353
33834
35156
42209
35036
33914
33533
33783
47148
33102
36479
33363
33683
33593
33202
42480
38182
33453
33433
34806
33794
45636
33573
33563
33613
33352
36629
38723
33123
35667
41799
33052
34234
33783
33452
40937
38393
33993
38181
38272
34305
33132
33312
41919
50615
