57127
38933
44103
41197
41388
42410
40546
38582
38482
44303
41448
48681
50605
38101
51897
38442
38472
55104
41438
44113
55083
47719
38132
38682
49092
58119
38432
38562
39044
40666
38432
39063
58349
44644
38663
42971
38332
38091
39064
38512
43141
38803
38382
38913
38171
39234
43422
38783
38382
38482
38292
39173
53470
44283
38232
38482
38252
44273
38853
53340
39144
57328
38612
38131
38612
39133
41288
57167
38422
38642
39003
44093
53901
39063
42850
59201
50155
44073
41057
39414
50505
38182
43752
43201
39144
38292
44473
54452
44012
39114
48230
43442
38242
47118
41638
54893
41287
43121
38803
38111
