51687
44864
47109
44914
55695
67086
50605
45505
45024
45736
44934
44844
45756
49803
50615
45696
47610
51597
67196
45144
46628
94237
44944
51166
44624
44754
44634
49703
64511
45225
51156
45225
55784
44463
45145
44694
44744
51526
45165
58079
67797
56025
45295
45595
50255
51607
45135
47810
45265
44934
44574
46517
45014
44904
51828
56085
45856
48782
45615
45395
45194
45595
64851
44764
50846
57107
44854
45365
56055
45957
51898
49162
45345
45516
44874
51657
48131
60644
45866
44583
45325
45436
45015
66896
50945
51617
46407
45516
45175
47470
85090
44934
46888
44955
47119
44604
49683
44905
50745
45174
