15880
12824
11903
12003
11802
15409
11732
11652
11712
12103
12072
13175
11691
14868
11953
11833
11973
11712
11982
11742
11692
11732
16861
11742
11742
11722
11742
13445
11672
11712
14638
11752
11983
11772
13505
11793
16180
14587
14567
14808
16961
20268
15730
14748
14918
12574
11892
12333
12183
11732
12173
11742
11852
11742
12153
12624
12072
11732
11762
12613
12072
17613
11752
12553
11912
11752
12173
11932
11862
11792
12423
11913
12333
11631
11923
11873
11802
11813
12063
12093
12804
11782
12774
11722
15048
12233
11692
12474
11652
11792
12113
11762
12574
11983
11992
12654
12684
12454
11882
12083
