15349
15138
19296
14918
17203
15158
15108
15058
17573
15449
15168
15720
15128
15389
16041
15189
15379
15138
15159
19617
14948
21400
14798
15198
14978
17162
14878
14898
16521
14898
14837
16902
15609
15209
15128
16110
14828
17704
14858
14837
15298
15118
15169
15238
15239
15759
15098
19707
14958
15108
14958
15619
15580
15118
15940
17403
15219
15359
16331
15038
21811
15138
14787
15719
15980
15339
15179
16832
15389
16922
16661
22382
22603
15168
15209
15248
14988
17052
15349
14908
14968
15208
14928
15269
15008
15769
15780
15159
15769
15189
14968
22753
14918
15810
14888
14808
15940
14868
15089
15920
