25849
32501
39795
25919
26340
26270
30598
26009
29866
26069
26770
32912
26029
26209
27983
26339
26379
29846
30337
26169
28393
29144
26489
26079
26841
26760
35286
26139
29806
39203
26459
25748
25779
27231
26169
25739
26510
65804
39184
26009
29766
32411
25878
34195
26109
25859
26149
27041
36118
29285
26039
32431
26400
26039
30166
26761
25769
27922
26179
29776
26520
38893
25929
26129
29786
25799
26059
29365
26119
25949
29776
25829
26219
25958
25768
26500
26329
26310
26439
39214
25889
25738
26339
26209
25678
26429
28193
26369
29305
29976
26961
26539
33963
26290
25938
26350
29726
51958
26310
26159
