21660
32330
22232
24577
34665
21931
25037
21981
27702
23174
22121
34154
22272
21911
33253
23043
21891
24476
21831
21841
23114
32872
21681
21741
22272
33042
81519
24075
21711
21801
23063
31029
22102
21731
21801
22271
22232
32692
32771
22061
27392
21791
23324
25057
22242
21661
33173
21951
22222
21871
21791
21891
24967
22242
22402
22041
33383
25728
22152
21801
22152
33252
27312
21631
22302
21781
21721
21630
31028
21630
27621
22142
21881
22181
31258
21952
21931
22211
22492
21962
22523
33583
22091
22031
22762
25157
29094
23294
22152
25127
21911
21982
25007
21660
23414
28945
34795
27061
21961
22212
