61325
34966
35096
50545
46037
35026
49313
47499
35456
35277
35006
40827
35326
35347
35206
35266
35367
39614
40736
35427
52509
44674
35606
35798
49553
35497
35406
35066
35286
35036
35637
35697
38602
39635
39364
40556
52608
38242
52789
37190
35456
35597
34976
35587
35106
34866
38392
35476
36098
35426
35817
37680
35467
35277
40335
35196
52508
52418
40276
40396
35627
39725
38011
35085
36408
35346
35247
36669
36348
34935
39764
63800
35857
39725
35307
40356
44463
35065
35026
40396
35627
35467
37259
37821
38733
35987
52689
38432
47429
35316
35026
40566
44814
46457
35266
34966
34885
40386
47810
35186
