21911
21229
21220
31560
21430
21310
21310
31669
31389
21029
22593
21551
21531
21049
20929
31799
21180
31208
31709
21200
20999
31559
21400
24055
21120
20859
23895
20769
21200
21019
20989
22241
21100
20940
21210
24075
21079
20899
31388
20869
21180
21460
22262
20980
28774
20849
24025
21120
20719
24046
23374
24245
21080
22452
23173
21300
21039
26150
20899
23864
24085
20739
21130
21290
33193
21179
20990
20939
24937
21210
22281
21239
31149
21239
31899
27121
28784
23715
31228
21129
20849
20939
63700
32401
31579
21411
31840
21209
22071
22483
20729
27171
21069
21530
21460
21340
21080
21029
21200
21060
