40917
58540
61595
47078
61535
40546
40656
40906
40687
40987
47389
40977
61615
41297
41518
62037
41809
53009
43652
40375
40637
40997
41708
61185
46247
40816
60724
40616
54842
40466
41227
41307
40997
61906
43531
41938
40876
61906
41087
40787
61456
40646
40496
40496
40796
40526
40606
40806
47008
41488
43682
46488
40617
60614
53100
40887
40537
41398
44052
46828
41318
40707
42991
46858
58159
41017
52919
40757
42439
40737
40717
40816
41147
46918
46868
42530
46938
40656
55564
40466
41878
41608
41277
40987
52309
40326
41809
62327
40776
61506
51917
41138
41288
61986
43602
44643
56196
41057
40776
60684
