7975
9638
7594
9769
7655
7835
10179
7584
7695
9488
8386
10059
7584
7684
9949
7664
9538
7845
8506
7595
9949
7935
8206
9598
8235
7734
10229
7594
7825
7655
7705
9558
7685
7915
7615
7674
9608
7564
9508
8055
9919
9768
7584
7664
7895
8036
9849
7634
10199
7565
7604
9848
9748
7874
7715
9568
10089
7725
7925
9948
7834
7905
9998
7654
9678
9999
9498
7674
7795
7685
7644
9738
7795
7664
7735
7885
8285
7705
7684
9508
7694
7745
9888
8115
7715
10630
7795
7985
10690
7785
7705
7815
9518
8777
8015
9969
9749
7625
7815
7945
