12814
13004
14928
17192
12734
12684
14657
12855
13064
14126
12844
13495
12784
13706
12844
12864
14828
13635
12623
12603
16010
12613
16240
17563
12904
13315
12854
12673
12914
14808
12714
12774
14087
16371
12564
14487
13285
12804
13184
12754
13004
13396
19617
13225
13015
12613
12784
13215
13225
12844
12684
16561
13305
12894
12814
12614
12574
12914
12774
13005
13285
14176
12533
19777
12544
13766
12935
14187
16401
13025
19297
12714
12674
12894
13576
12673
13926
12995
13415
18975
13235
13165
13014
13456
12654
12623
12864
12724
13325
12653
13565
13605
12794
12634
13866
13335
12643
12925
13535
18184
