15289
15509
15559
15519
16972
15379
35857
15629
15479
15469
15389
15809
15359
15419
16100
15609
16862
17953
15539
15349
17904
15378
15669
17402
22903
15549
15409
15980
16571
16411
16481
15569
15499
16221
15549
15489
16191
15479
16972
15730
15579
15639
15609
15760
16531
15679
17162
15800
16350
15730
15439
20628
15530
15689
15389
15940
15670
21801
15810
15820
16742
15309
16601
15509
15649
15499
23424
15740
17222
15549
17704
20509
15569
15630
15278
15509
15829
15659
15419
15389
15679
15649
15740
16541
15419
15429
20148
16040
15319
16251
16401
15660
16180
44273
16330
16110
15429
15649
15970
15459
