13856
13345
13014
13074
13936
13315
15680
13535
13285
13184
13936
13315
13134
13104
13165
13144
13135
19687
13134
13144
15419
13305
13234
13355
13104
13065
13405
13335
13526
12975
13696
12994
13135
13405
14898
13585
13365
14958
13044
13154
14467
13615
13065
13806
13535
13295
13235
14057
12995
13075
13105
14768
13455
13555
13274
13095
13305
16571
13515
13455
19657
13195
13094
13666
13325
13866
13245
13114
13826
13014
20017
13224
20298
13305
13255
13074
13075
13355
13505
14798
13025
13695
17282
13205
13345
16611
13535
16531
16651
16481
13405
16511
13335
13575
13365
16321
16932
17092
14357
16641
