45496
29906
30497
30718
30267
30367
30427
30357
38673
33022
33603
30086
30337
30948
30347
38492
29896
30327
137374
38623
29986
30367
30537
29866
29876
30387
34044
30707
35176
30828
30246
30167
30527
30197
30948
30347
30858
29946
34565
30337
41899
34605
32040
45555
31870
32742
34785
34534
29926
30066
30477
29936
45095
45786
30537
29926
39003
45385
38663
43391
30067
30257
44915
38623
31449
30507
30547
30989
45776
30146
30097
32331
30337
30537
34565
45455
30417
45896
30547
29936
40636
30377
45836
30177
30617
32100
30317
45305
34545
30046
30287
30988
30727
31629
46137
32391
30067
30116
30126
30147
