13886
13826
13756
13506
13556
13506
17754
13856
15028
13475
13585
16952
13616
13676
13726
13576
13886
13516
13896
13585
19266
13485
17683
13736
14206
18104
13675
18665
13655
13806
14106
14808
13535
18063
14167
13545
14808
13545
17122
13475
13706
13596
13545
13585
15088
14237
13486
13495
13665
13586
13546
13516
14046
13585
13586
13445
13666
13806
20498
13746
13776
13966
13726
13546
17943
13635
14036
13465
13736
13575
13815
15248
13806
13486
20198
14467
13456
14046
13485
13516
13476
14106
14347
13906
15610
14097
13485
13726
13656
13946
13606
13676
17082
13815
13826
13635
13726
13465
13996
13705
