32411
36949
48581
40626
36128
33353
48371
49262
33463
47940
41348
40516
48591
40416
48080
47879
32150
36889
31880
33223
34926
34795
33222
35427
31869
50264
36608
31900
36830
37060
33153
42871
31820
32250
32100
36629
31659
36419
32131
58650
36097
40396
31990
41829
35516
40596
43772
31780
32140
32340
48060
32581
40546
31970
32040
32491
87814
31700
63369
48040
37130
45806
47319
33242
32421
31730
32521
36278
31730
32110
36839
32040
36689
49733
32901
48511
35787
32461
48892
32130
32311
31980
32401
47620
42460
40977
31970
117761
32701
47780
31970
36609
35637
40837
32040
35857
32932
31939
31890
33393
