40956
34886
44624
34395
35226
39884
34585
89268
44524
35356
35687
39925
35267
34916
36168
34415
52779
39564
41087
34966
35247
35046
38342
52078
34515
34545
34695
37009
37481
44683
35336
34845
35276
34785
52719
45515
39054
48030
39854
35006
44113
35356
35086
34445
34685
37320
34535
47539
34856
34855
34715
55193
34935
39975
43181
40346
38562
34886
34755
34735
34935
35206
34885
34775
39895
40025
35276
35988
35486
39905
48080
35276
34705
39885
34805
44874
38172
36378
37922
34905
34514
34946
34585
49934
34785
34515
40176
52338
34464
35296
40997
35256
35517
35186
36098
35317
39764
35387
34875
34785
