3617
3647
3596
3567
3597
2885
2885
3627
3607
3617
3626
3607
2865
3577
3577
3627
2915
3567
3626
3616
2896
3586
3707
3577
2905
2875
3597
3597
2935
3597
2935
3657
4058
3597
3627
4107
3577
2855
2915
3596
3597
4218
2896
2855
3617
3587
3587
3637
2855
3617
3577
3557
3567
3596
3567
3587
3597
3547
2875
3636
3607
3607
3597
2895
2915
3967
3586
3576
2865
2895
2875
3647
3606
3626
3647
3617
3607
3626
3616
3947
2886
3577
3607
2856
3637
2885
3637
2886
3597
3586
3226
3597
2916
3627
3586
3567
3577
2916
2896
3606
