46808
43001
43221
43472
45185
43341
44934
43562
43281
42911
42981
43231
43482
42460
42740
101210
80732
47109
42730
43311
48421
42350
65042
43311
43312
49032
46898
44664
48271
44173
42890
43542
42901
42860
42449
43221
48551
44032
43081
43432
56206
42780
42640
59441
42390
58770
42830
64892
48942
43031
48230
46758
42339
49934
45545
44694
48891
42810
42439
63649
44053
56085
63840
42590
42550
46307
43602
42990
49132
42720
42801
64561
42951
53380
64792
64191
43051
42219
42630
64882
59151
63800
42980
42410
64431
45595
42470
43000
42931
42820
48761
42270
42539
42319
43362
48852
42520
42921
43060
42340
