9948
9748
11982
9859
9728
9477
9468
10079
9407
9428
9739
9578
9397
10169
9468
9939
9538
9548
9758
11942
9478
9748
9538
9609
9457
9458
9468
11832
12173
9598
9468
10069
9458
9828
9638
9498
10379
9819
9448
9528
9498
9448
9658
10099
9638
9348
11742
14477
9738
9548
9488
9768
9518
9578
9448
10550
9558
9458
9849
9598
9768
9598
9908
9488
9728
9658
9458
9458
9478
9738
11792
9498
9478
9448
10209
9418
13215
9417
10991
9649
10319
9528
9448
9919
9537
9678
11803
9759
9387
9467
9909
9548
10971
9488
9598
9759
9498
9908
9818
9828
