44233
60143
56045
43642
45084
70893
47299
50705
45285
43942
43692
43982
63188
44844
54702
47519
44112
56035
44303
66214
54653
44814
44274
57027
44313
55555
54562
43612
47839
44584
44303
43872
44062
43652
44233
44373
44734
43692
52839
44504
44594
44032
56876
45275
44384
43973
50856
44093
43792
46818
43823
44834
50465
53591
44294
47860
44563
44654
46918
44253
44523
44624
43752
66334
44103
43953
56817
45446
67066
43852
44243
54773
45836
66485
50525
44133
50575
57327
43992
44063
63479
50665
44022
43762
44023
46648
66454
50705
44243
44683
43763
43803
44072
66975
50656
43632
50755
44203
66976
45866
