2444
3036
3316
3066
2434
3036
3016
3036
3036
3055
3056
3006
3056
3136
3036
3026
3036
3055
3026
3046
2424
2425
3025
3005
3075
3005
3036
3146
2415
3136
3015
3046
2996
3036
3015
3016
3036
3026
2454
3066
3026
3016
2415
2996
3006
3096
3035
3035
3046
3046
2435
3006
3016
3036
3035
4288
3056
3015
3046
3026
3076
3086
2455
3046
3025
3066
3006
3045
2394
2424
3036
3036
3046
2424
2415
2434
3036
2976
3036
2995
3026
3006
2455
2425
2405
3036
2425
2415
2995
3005
3026
2425
3046
3076
2404
2455
3026
3036
2415
2445
