8887
9267
9558
8957
11632
9047
9297
9017
9288
9207
9107
9137
9037
12113
8977
9448
9017
9307
9107
9047
9017
8996
9047
9408
9247
9037
9027
8976
9879
8917
11191
9377
8957
8997
9298
9017
9057
9879
9077
9047
9688
9988
8937
9037
9017
9278
12083
9357
9207
9017
8987
9477
9047
9016
10109
8936
8887
10300
9948
8956
8907
8997
9908
8947
12594
9198
8986
9387
8917
8956
8977
9818
9137
9337
9087
9027
8957
9307
9488
9017
9628
9478
9007
9017
8937
9117
9428
8956
8997
9377
9658
8957
9077
9117
9047
9137
9137
9027
9057
9068
