36078
36578
45746
40977
38662
35827
40957
47790
36178
35657
35627
39204
40877
36298
40967
36248
36458
35817
38121
53480
35357
36519
36178
35397
37089
41027
35337
44944
35567
35657
35617
40916
40867
36238
38793
36118
37350
36218
40847
44513
40065
35907
35536
48471
35947
35637
45365
37099
39024
36077
53441
36338
36098
38533
41067
41168
37471
40826
35366
40136
36258
35808
35346
35537
36027
35497
36148
35917
36249
40956
40897
36479
40676
36970
36158
35616
54202
41047
39123
35897
36549
36318
36018
35657
37992
45776
41027
35867
38552
53881
36599
41307
84679
35607
35877
35427
35677
36359
40927
36138
