49282
45826
45926
45966
47870
68608
45956
45645
46457
45465
46628
60183
45555
52789
45686
46016
47269
46067
49342
45535
45676
52729
46367
45816
52829
45776
45716
47580
65413
47920
52588
53300
45856
45455
49753
68148
45766
49352
50003
48341
46006
68709
46067
65964
45525
46327
46457
45666
52799
47149
45956
45536
46507
52659
63299
48942
59331
52999
45927
46788
46207
47329
52158
46357
70542
69931
47570
46567
46537
45586
57969
46037
45525
59472
46508
46106
48241
46086
45475
45916
45846
49333
45576
46367
47809
70031
46297
61485
51417
46167
45916
45616
45566
45515
46217
73037
45446
45616
64832
49533
