30938
35677
33032
30989
31489
35546
31539
39123
46798
30888
40126
31729
30978
31269
31610
31439
34816
39655
31048
30777
31119
35357
31199
41728
31188
31249
31930
36038
33844
31198
31238
31559
30778
35186
31219
30868
34434
32110
31148
46617
36288
31419
31880
35717
31178
31479
35707
31039
33052
40225
48110
31068
31188
31319
30788
31288
31148
30778
31209
31970
32271
35567
30969
31449
35948
31469
38703
35666
32711
31209
31168
31569
41898
30828
31189
31319
33352
35637
32451
35527
31088
31239
31339
34535
31730
31729
39744
31379
34124
31139
35036
31048
38753
32892
31750
31059
31379
46618
34254
46988
