32241
33723
37180
42189
49102
32681
45485
32602
32591
32862
49613
49292
32481
32221
32391
36979
32331
32400
45716
48571
36399
32481
32691
44784
32170
32400
33173
33814
32391
32531
32892
32210
37059
34996
41277
32441
35807
44453
32731
32942
32401
32511
41177
32722
49452
32160
32902
32311
37340
48851
32371
43592
32340
36499
32451
33613
32220
37270
32701
32481
32591
32371
32531
32390
32160
37230
32341
32651
33282
32201
44453
32581
35055
32601
48371
41398
32782
32882
49242
32582
33052
45065
32711
32471
33032
32631
32631
49012
47028
32651
32210
37480
32270
33894
33102
32712
33302
37219
32932
32150
