19536
19176
19146
19797
24466
21470
19737
20880
18965
21841
19146
19085
19236
19416
22182
19166
19467
19437
21099
19016
19056
19056
21260
27742
21240
19226
21090
19267
22001
19066
20077
19647
21781
19176
28894
20158
18975
19136
19226
18986
21941
19316
21330
28944
19025
19376
19376
21891
18996
24355
21240
19306
20498
19457
19046
19547
19887
19086
19667
19437
21871
20369
20919
21239
22222
19316
19075
19166
19838
19076
19206
58320
19397
19476
19597
23273
18995
21750
28985
21811
19237
19116
19887
19115
18975
21129
20469
19738
19316
21911
19497
19136
19306
19356
26019
19276
21150
19206
19066
20138
