43722
43802
43742
56155
43692
53651
43392
61866
43251
49213
43802
43692
64932
44163
43131
44053
82435
44063
44123
43271
43242
43672
43472
48882
46027
43572
54964
49393
44403
43251
43411
43592
43672
55885
43853
43742
43933
43281
44363
50124
43592
43221
44253
43832
56546
43191
43381
49974
47900
45355
44093
50054
49964
43922
44383
43262
47950
47759
43712
43411
48080
44754
44013
44844
43532
43271
43833
46748
50384
44313
43312
50064
43462
66204
47459
44383
50145
43822
50084
43251
43231
43231
43161
45065
46998
44153
49994
50144
43472
43231
64921
49954
43832
44904
43342
45134
43371
43231
43642
46327
