14447
14758
19356
14307
16752
14618
16411
14497
21901
14497
14507
14397
14718
19447
14427
14608
22242
14728
14807
14607
14487
16911
20018
14728
14698
16041
15950
15189
15038
14528
14828
14918
14527
14647
14727
14798
14838
15809
15439
14577
14698
15149
14727
15339
15640
14628
14698
15268
14357
15028
14467
14797
15158
14597
14587
15799
15109
14628
14818
14678
14467
14547
19236
14637
15309
15179
18434
14797
14488
14598
14637
30217
14737
14698
21620
14478
14778
14658
14728
14568
14968
14867
14447
15429
14567
20218
14788
14688
14467
15479
14878
14617
15269
19506
14628
14918
21921
21560
14598
14637
