9948
11231
10068
10069
10189
10870
10089
9958
10510
9868
9928
10179
9949
13606
13205
9868
9929
9908
10620
9809
10179
9849
9889
10550
9888
9968
10119
9889
9978
13315
10339
9859
12464
9898
9848
9888
14868
10019
9968
9929
12393
9918
9999
10039
10430
9968
9948
11261
9819
10329
9939
10890
9859
9969
10018
9838
12554
10229
9898
11672
9919
11281
10139
11191
10199
10600
10419
9839
9998
10580
9839
9938
9918
10159
10951
9929
9958
10700
9898
10360
10089
9938
10229
9818
10680
10349
15118
10600
9989
10430
10399
9929
14888
9968
15058
10249
10088
10570
10049
9999
