17723
20488
17192
21861
17192
17412
17663
17453
17503
24897
19036
17373
17382
17202
26239
21580
22563
17663
17443
19106
17713
21791
21951
21991
26309
17362
17513
18084
17844
18405
17382
17263
26099
17463
17673
18134
22622
17653
25257
26109
23675
21942
17393
17934
26200
17152
18134
17323
17533
17483
17573
17363
17583
17473
27091
17322
17663
29927
17353
19858
17393
17433
17152
17352
17302
17493
17293
19006
17643
17102
26099
18845
18575
18264
17363
17332
17503
17423
23464
26149
17393
17263
17593
17533
17513
26570
26499
17212
88233
17633
17243
17162
23524
17332
17403
27381
17212
25989
17312
25929
