14016
14026
14176
13906
13956
13997
14266
14758
14276
13937
13996
14026
21520
14127
13906
14247
14447
13996
14006
14437
14086
14057
21040
16181
13896
14167
14267
14036
15699
13906
15529
13926
21500
14437
14377
13986
14046
18695
13977
13936
13916
13937
14467
14096
14016
14037
15049
13906
14166
14267
14317
14097
14037
14878
14407
21551
18044
14577
14176
13906
14176
14517
14898
14257
13986
14167
14347
14387
14186
14077
16732
14177
21400
14187
15408
14176
14207
14467
14297
13987
14677
18134
14377
21460
14477
15479
14037
14037
14798
13967
13956
14006
13976
15749
13916
14087
14347
14066
14247
15038
