12454
11551
12554
12404
11211
17072
14498
11291
11341
11251
11542
11331
13515
12193
17173
11241
11191
11491
14347
11261
11282
11362
11622
11562
14658
11552
11281
11292
11762
11382
11462
16932
12764
11942
17112
11191
11442
11281
11281
11331
14106
14097
12403
19386
11391
14928
11942
11772
14327
11442
11782
11361
11561
12444
11351
11372
11171
12032
17272
11973
17042
11311
11742
11221
11292
14166
11652
11321
14437
11692
11311
11622
11652
11382
11592
11271
11201
11261
11893
11682
12654
11211
17173
11321
12544
11391
12273
11201
11411
11471
11422
15069
11342
11402
11532
12383
11291
14186
11361
17242
