34014
34064
37411
37661
33583
34355
33483
51597
34826
33884
34215
33713
36308
33884
33523
38712
34335
38753
36659
46247
34004
34454
34324
34084
38702
34064
34074
36007
34284
33754
33533
35978
33543
34385
34415
33834
37290
33613
39875
34234
48110
42700
34104
51237
38803
33773
33523
45646
33784
33834
33502
38923
34455
36819
34414
39454
34384
33813
51497
33953
33784
33994
34204
34564
34014
34454
39143
42229
33753
34104
34225
38783
50514
33924
46056
33964
33523
34384
49964
33543
34395
35607
39354
35988
51817
34315
34234
34364
36047
34455
34244
35307
35186
36820
33523
34294
43050
39204
33603
33503
