42730
37511
39193
39945
37019
37209
37561
55524
37310
36959
47689
42580
48762
39835
37370
37280
36969
37280
37290
36739
46979
39654
123191
47409
37501
39283
40676
46296
37089
47008
37030
37490
37160
47489
42430
37150
42480
39404
48471
36789
42429
36859
51397
37451
37541
56236
42510
36699
37450
37350
41437
42840
37150
37150
37209
42720
46577
56355
36709
39354
42550
37210
39183
37100
37581
52208
37490
37160
47569
36869
42529
37640
56546
36999
37060
42750
37040
37009
56997
40055
37661
46647
37530
48571
49263
42650
41288
42861
40195
45345
37450
48421
42529
37821
38102
55083
36729
37480
50475
42439
