31549
31770
31289
47770
31860
31680
33393
31520
31209
32260
31649
49113
32471
34976
41438
31991
32872
43692
34514
41398
31669
36138
36148
31589
39303
36388
49213
31419
42530
31879
32010
36118
31749
42159
33513
31489
31810
32801
31860
31610
31980
31158
31840
31690
47459
31900
44173
36248
39404
36067
34324
47209
35256
32210
36128
31650
38221
34725
36218
32020
32031
31339
36188
32812
34756
36488
31930
31530
31680
31469
31439
36158
31960
31809
32150
34034
33232
32682
31810
47579
34104
36909
31489
32551
31639
35997
31780
34034
32240
32210
33463
35577
47159
33513
210980
47600
39644
31940
31840
31940
