2034
2524
2494
2003
2545
2444
1953
2425
2364
2454
2425
2454
2414
2475
1963
2455
1933
2405
2915
2404
2415
1954
2475
2424
2434
2405
1953
1944
2405
2385
1944
1954
2434
2444
1934
2465
2405
2455
2395
2415
1934
2394
2424
2435
2435
2756
2425
1923
2424
2425
2404
1924
2394
1934
2445
2535
1923
2435
2435
2425
2515
2455
2424
1994
2464
2435
2445
2434
2454
2445
1974
2445
2435
2434
2434
2415
2415
1913
2415
2405
2455
2465
1983
2465
1973
1954
2444
1964
2495
2444
2464
2434
2415
2435
2454
2455
2424
2414
2404
2485
