39123
41789
39344
39584
40265
39154
43772
49072
39694
39324
39504
38632
38823
38833
59141
39264
58831
87224
38903
39204
40486
38712
38984
44163
38553
38903
38612
39915
50695
38873
57959
39174
49443
59301
39304
48801
39204
39224
50856
49232
43992
38984
38773
38523
44043
38572
39574
59232
60774
44814
38763
38673
45675
42900
44875
53931
58209
39213
39144
39414
39494
39845
39484
41447
55785
39344
44513
40686
65362
38833
38923
39514
39184
58861
44052
38653
41167
47690
39153
38933
38712
42089
54071
58269
39374
38903
42280
57989
40686
39565
44754
39354
58560
38532
52018
44303
39143
40766
58269
53831
