20559
20318
19957
25157
19968
30146
22061
21551
22723
19928
27371
19958
19817
19937
20248
20047
21320
20047
26460
20188
19898
20148
27652
20188
30266
20108
20389
20128
25227
25217
19967
30778
25197
21962
20268
20157
20168
20088
20549
20188
22913
19908
22933
19998
20058
22893
20348
20418
21080
22943
20568
20038
20158
20428
22502
19998
22392
20028
19888
20799
19927
19887
40756
22953
22993
20559
19998
20378
19927
21500
29996
19967
20008
20168
20228
20048
24385
19807
23074
21000
20408
20278
21049
19838
20218
20138
20158
26420
19837
19858
21000
20027
20258
20409
20108
22592
22362
26279
21631
20018
