27682
32071
28273
27502
31469
27512
36909
35657
27402
38572
27852
80070
31439
27362
76633
27612
27371
27742
27551
41538
27782
27923
27121
27451
27822
31530
27171
27662
27361
27501
41849
30628
27702
27551
27662
40736
27662
27331
27822
27772
36679
28644
28614
28233
30337
27361
38522
28384
28223
27803
27732
27551
31429
29615
27682
27331
41718
27832
27411
29215
31298
27582
27512
41588
27321
45335
31519
27521
27602
36178
27482
27622
27121
27351
27842
41899
27742
28654
27993
31379
28313
27221
27331
28704
28995
31570
27081
31560
27792
31669
27482
27902
30016
27101
27812
39193
27602
31379
30357
27151
