28152
35136
28203
28584
28734
31229
31579
40195
28283
30848
28734
38633
31038
28433
28394
39224
60003
35035
28724
28634
28734
28474
28494
31530
28263
35867
38102
28213
28464
28533
42921
28434
28694
28644
32440
29715
36008
28353
35897
28393
30798
28955
36088
28924
35757
37350
36789
35467
35296
35647
28704
28593
35957
37931
29696
36849
35567
28293
28123
35326
36298
28354
42500
28494
42710
28594
31980
28183
35907
32731
29876
28373
28313
35396
35817
28373
28493
28333
28754
28333
29025
35547
35647
28514
28584
28213
36258
38622
31429
32030
28653
42419
28905
30267
38924
35687
28764
35787
83745
28524
