30286
37320
29545
29606
29766
40817
29375
36709
29696
41518
41858
29696
29606
37691
29465
36959
36779
38662
29695
29636
44354
36989
32551
29415
34585
37771
36949
30367
37430
29535
29786
33583
44323
37140
29605
29956
29645
36930
29816
36769
37611
37371
30016
30017
29365
29736
37330
37391
37851
50795
28984
37300
36979
29976
37481
29405
36809
29305
38252
29525
37059
30187
37039
37290
44363
105628
29866
37771
43672
37320
37531
29355
37110
36719
44974
29375
37250
30698
29575
44624
32000
44593
37030
36358
40426
29886
29735
41037
38492
37010
36759
36679
36689
30127
29886
68488
43702
36989
29535
37180
