45826
40336
39785
45826
42199
39544
45746
39945
40055
45756
40005
39725
45776
40967
45927
50345
39644
39825
40486
39814
45756
84058
43942
41618
43271
49914
40726
53841
40175
39724
40536
43853
45786
40376
42150
59842
40146
54573
39835
40025
39824
45816
39535
40436
45836
40276
39715
39655
39775
45656
39564
50395
52589
45676
46176
40236
59331
40075
39985
60053
40175
45726
39955
45635
43452
43702
40426
45756
39535
39995
39795
40086
40586
40055
39785
40656
39595
43161
51436
44774
41067
40476
45806
40126
46968
40185
40456
45946
40366
39514
40496
40686
39715
39494
43171
42159
40476
53941
40225
39975
