43462
38161
49603
43652
37600
38452
43612
43772
37701
38532
41007
42159
38743
40155
38783
38222
37972
53380
40727
38182
43943
39725
40756
38392
38192
37991
37871
40646
38091
43612
42319
39204
38382
40456
38292
42350
38101
41177
43611
43743
37721
38112
38031
39564
38623
38282
46968
56757
37710
38162
39063
37941
57668
37791
37801
49113
38673
43662
37631
43732
38202
57938
38372
38192
43752
38282
40746
37931
38392
38252
40426
38042
43461
37811
43752
37981
38272
43852
41748
37801
37681
38452
40957
41849
40136
37921
57648
43011
43912
46999
43482
38102
38102
37791
43562
57418
38412
38662
39293
38372
