30658
32591
30277
30778
30978
32751
31268
42470
45856
30568
30517
30787
41918
30808
30567
30648
30488
35086
35406
35066
31389
31429
47138
30918
31228
30557
31149
34745
33012
30317
30637
46558
30807
30357
30818
36308
32531
30577
35286
30477
30778
46337
30958
30527
31049
30938
31850
31039
30918
43822
30377
34315
30487
39213
31048
30918
30728
31349
46167
30998
30657
30547
47109
34325
35206
30978
30858
34765
31590
30508
46397
45696
31399
30527
30377
30978
30527
42780
44463
30787
32241
31138
46908
30727
30958
30788
30748
30638
30738
35146
38452
46247
32150
32070
42280
32030
33664
30397
40195
35026
