5500
5501
5470
5481
5420
5380
4388
5430
5571
5450
5550
5461
5501
4428
4528
5500
5370
5420
5570
5460
5571
5460
5410
5411
5461
4308
5540
4308
5480
5501
5420
5700
4508
5430
5491
4309
5500
5510
5420
5551
5460
5470
5441
5450
5631
5490
5531
5400
4349
5430
5490
5541
5521
5390
5440
5511
4328
5631
5550
5480
5500
5460
5481
5540
5440
5780
4419
5380
5471
5390
5490
4369
4418
5400
5390
5460
5430
5460
5391
5410
5430
4409
5560
5441
5490
5450
4398
5430
5380
4399
5481
4348
5480
5480
5450
5350
4438
5420
5531
4359
