24696
32872
25258
24396
33533
24687
35257
24586
26580
29916
30898
33963
30838
24837
40726
36478
37530
24766
28233
28574
27101
24486
30668
30858
26600
25788
25187
24817
24416
25187
34535
24296
25097
32320
28453
24887
25448
24706
41387
26479
24827
24386
35707
24747
25077
24576
37340
24807
24787
24566
24416
37561
24496
25267
36829
28463
24667
35577
32341
37651
25027
24656
28223
37321
26018
37781
24616
24616
26370
24816
26069
25658
24385
31029
36900
34906
24757
25137
25237
50154
26741
24586
35236
28243
24486
24736
28223
29866
24927
25177
26149
24606
26149
24686
36799
24536
27201
24726
32912
24916
