24045
23945
24255
25658
26039
23995
24506
23955
24136
35547
24376
24426
34956
36409
24255
36649
25007
30176
37020
24456
30698
31248
24646
30517
32791
30567
24126
23995
34114
24095
24997
24577
24355
33292
30798
36910
24767
24145
24747
24195
25558
23945
24306
24446
27592
24256
24276
24496
26900
27762
24205
25528
23995
24385
24566
34425
24216
36107
24356
24225
24315
24265
36979
24265
27431
24335
24376
24276
29866
23995
30598
24526
31028
24486
24175
24626
30969
24456
24756
36388
33843
23875
30647
24105
24465
25477
36228
23995
24626
24556
27462
24466
24345
29996
38813
26350
25127
33052
36759
23995
