8496
8195
8526
8116
10079
8246
8105
8145
10720
8195
8115
8066
8126
9508
8466
10339
8065
8075
10509
8606
8166
8817
8216
8596
8085
8205
8215
10399
10139
8216
10640
8145
8116
8095
8486
8135
9468
8365
8415
8426
8155
8235
8536
8356
8345
8577
9027
8356
8135
8056
11211
8005
8055
10430
8085
8235
8106
8115
8125
8506
8045
8075
8847
8285
8005
8155
8126
8105
10450
8376
11271
8626
8195
10310
8115
8947
8326
8145
8066
8166
8196
8196
8416
8305
8286
8627
8145
10840
10069
11131
10630
8105
8135
8195
8416
8175
8246
10219
8165
8076
