17353
63943
17273
16721
16852
17102
16831
16912
17163
22572
25368
16762
21640
16992
16841
16932
16732
19316
19386
25197
16962
17062
18945
17974
18013
25578
16792
21009
16682
25337
17503
25368
16792
25428
17172
16912
17002
17172
16771
16791
19136
25027
17002
21700
24896
16772
18254
16922
17753
17032
17824
16972
21711
25608
17122
18234
16651
17192
17513
16872
16782
25628
16782
17232
16761
17133
21441
16812
17042
16921
16992
17203
18134
23605
16572
16831
17052
16822
84574
16962
22683
16832
25297
16702
16691
17082
16752
16942
17062
16922
25167
17042
25618
18074
25799
16961
25377
25307
16711
16691
