23043
21210
21680
24376
23924
21220
21220
21591
22933
22272
22292
21190
32531
25227
23084
29526
21710
30818
32260
28243
23825
21600
21451
21280
23354
21611
32821
26850
32491
21531
24236
22111
21751
26068
28664
21270
21591
21771
26129
21700
21811
21350
21821
21260
21831
21611
21430
21330
21250
24526
21861
25728
21781
24867
21219
24326
32261
21200
21470
21250
21530
21600
21851
31870
21380
29836
25578
28513
21360
21730
29365
21721
21510
21781
21710
24616
21801
32070
21540
21420
21761
21531
21561
21260
22312
22322
21751
21791
21520
28503
21320
21440
27201
32792
21380
25178
53420
32250
21411
21570
