40596
40066
60954
40306
41168
43502
40516
40636
50585
50244
53180
41378
41788
40266
46146
42059
40236
40076
40136
41198
53770
49753
61385
50855
46277
46277
40676
41047
40386
44203
40646
46267
40185
41067
43372
60083
40887
40136
51286
40797
40566
57969
60874
41197
40145
40416
46427
40886
40606
51827
44013
54863
40286
44574
40125
52899
40376
60894
40786
40877
40707
46317
46307
40406
43972
46147
40326
40476
40416
40667
46357
43622
40255
40596
39995
60433
40597
48802
131046
40516
46367
45685
39985
46737
46657
60955
42831
44914
40005
40076
51317
40005
40215
40516
40156
43662
40976
41878
40586
61235
