11021
10770
10790
10821
15199
11001
11011
10740
11682
10730
11552
11321
12212
14257
11071
11401
13956
13856
13596
11101
13956
11181
10891
11000
10860
10820
11192
16281
11171
11211
13566
10820
11121
16611
16882
11391
14617
10931
11031
11071
11151
11171
16360
10830
10870
11100
13566
11101
12684
12133
13435
10800
11442
10830
16551
10891
10901
16892
13976
16621
13876
11732
10750
10960
10981
11021
11311
11031
16621
11021
11341
14227
10811
11562
11071
10810
10920
11431
16321
11070
12533
13726
11271
10820
11551
13475
15058
11652
11051
16661
10900
11071
11111
10900
11020
12744
11040
10770
10800
11091
