10640
10379
15981
11341
10690
15940
11312
15880
10570
10980
10911
14667
14177
10930
10309
10299
10570
10289
10600
10650
10961
10610
16000
11742
10620
10950
10399
11392
10690
10349
10600
11622
10811
10550
10550
10500
10901
10650
10640
12203
10610
10360
15910
10610
12954
10410
13275
15950
10630
13486
13275
12965
10360
10370
10710
13064
13275
10500
10690
10600
10690
10550
10800
10941
13205
10670
10439
11151
10390
12974
10600
10570
10610
12173
11201
13225
10529
11201
10290
10550
10540
10650
13325
11602
12894
10609
10630
10660
10640
10610
11913
11221
10299
10480
10880
10479
10419
10549
10380
14667
