16140
16370
17413
16441
23464
16891
16662
16411
16320
16622
16821
16381
16591
24827
16470
24777
16180
17222
16841
16471
22412
16451
16521
24666
18985
16291
16571
21400
17883
17273
16441
16501
16561
16711
16371
17222
16250
16631
16351
16481
22361
16330
16561
16632
16401
16922
20969
16301
16872
16251
17412
16220
18775
16240
25097
42870
16411
16281
16290
16942
16161
24546
16771
18856
16751
16651
22131
16391
16541
16161
16491
16410
24456
16461
16210
16571
17814
18024
16621
16982
16471
24456
16441
16641
24526
16391
21250
16741
16752
16471
16782
24846
22251
16490
21130
16220
16220
16801
24716
16351
