15940
15850
15990
16030
17132
16030
16071
16121
17263
42109
17603
17452
16501
16031
15799
16090
15930
21290
16401
15830
15900
15869
16611
16221
16240
17102
15940
16862
18044
16030
15909
16180
15840
16211
16020
16221
15870
17112
17382
15740
16031
15799
15859
17382
16792
16290
15840
15940
15759
16081
23965
16121
45204
20749
16200
17824
15920
15970
16081
18595
15940
16181
17813
16581
16020
17503
15980
16080
18144
16421
15780
17783
15850
16240
21570
16471
16090
15760
16181
15960
15980
22703
18164
15790
16190
17683
15929
15690
20759
16261
15870
16421
16030
15960
15689
15870
15840
15809
15750
15870
