37871
33012
33553
33243
32802
33473
33203
49674
34946
34094
33142
33453
32912
33122
33403
49093
32792
33333
32982
32762
33172
32922
37501
37770
32662
33402
32832
49964
42981
32861
37771
33062
41668
33313
33382
45846
32712
36869
36538
33513
35296
33082
32941
32712
33172
32971
32641
33352
37961
49974
36628
33073
37160
48261
37140
33423
109461
33283
37720
33002
33373
49553
33072
33042
33422
33182
33152
35517
50034
33943
49342
47139
37971
32832
37490
32952
32591
32751
49122
33062
49904
36198
35526
33493
33453
32912
32862
32741
32691
32922
33593
36589
32962
37711
33182
37099
32761
33012
37710
33232
