3336
4268
4158
4178
4208
3356
3316
4188
4208
4198
4218
4268
4228
4348
4218
4268
3437
4217
4288
3376
4258
4208
3366
4178
3507
4248
4248
4208
4248
4258
4809
4188
4218
4238
4268
4689
4298
4248
4208
4258
4217
4217
4188
3446
3376
4187
3386
4218
4218
4248
4308
3436
4188
3346
4248
4217
3376
4208
4309
4188
4218
3406
4248
3376
3406
4228
4278
3396
3367
4148
3367
4197
3377
3376
4278
4298
4197
4228
4138
4248
3327
4188
4167
3387
4158
4248
4238
3437
3447
4187
3387
3407
3406
4238
3406
4198
4218
4258
4208
4248
