20348
30517
20769
20679
31449
20889
20358
20859
20227
20819
20398
21400
20408
20799
30878
20458
20519
20628
23654
23464
23484
27352
20769
20809
26740
20288
21851
21660
20879
20258
21270
20418
23293
20278
23525
20649
23585
25308
20278
21760
28443
20529
21801
20328
26620
21280
20428
22883
20459
23604
22092
20268
29375
20348
77570
20398
21020
20489
21530
21330
20759
20308
30658
22612
20799
20629
21150
26460
20709
20608
21190
20449
20589
21430
20829
22772
22382
20869
20609
21170
31098
23554
23274
23474
23564
22161
20579
30848
20589
23634
29606
26139
23454
23084
20599
21621
20699
30898
20719
21931
