34154
34224
34264
40205
39294
51697
49122
39304
52007
37942
34315
34415
34054
34685
34355
51387
44283
45866
33964
34344
35376
34284
34535
38332
51016
34505
40877
34855
44353
34224
34104
48090
34435
34786
34205
42960
34234
49212
34004
34716
34585
51858
43903
33903
34935
34414
71153
51076
34495
34525
34184
34394
37240
34354
33994
38683
45455
34335
49022
51356
34234
34855
34815
34625
34716
34314
34585
33964
35907
34324
33954
34395
34395
34364
34545
92253
34184
34265
36469
34175
34165
34455
34585
38903
35537
36368
38752
36859
34685
43862
34043
34625
34916
34165
34054
34966
34314
34314
34645
39343
