44473
41588
41077
41297
43893
62377
45335
41598
41608
41868
41538
47509
47550
62607
62648
44273
41258
47309
41859
47068
62337
42009
42720
46097
41277
42029
40987
61725
41308
41187
41848
41006
41378
44253
45966
41308
55925
41728
41017
44815
47299
41558
41698
41288
62207
44033
41638
45004
41458
41748
45164
47429
41568
41548
42319
52308
59061
43201
52298
61436
40937
48050
40987
56726
46207
41869
45856
47319
52909
41788
58260
61876
41348
43091
41508
40867
61476
41548
40947
44925
41498
44664
44543
52138
44213
47179
47269
41287
41478
40917
58129
59261
41568
41137
52067
41198
52779
41297
40927
47389
