33784
28123
34224
36849
27321
36268
34114
27020
27351
41118
27362
27171
33804
34585
34174
40516
33884
27602
27221
27281
65213
27361
27301
34064
27592
33904
34044
27311
27422
27001
33934
37159
26921
34094
33793
33924
34945
31048
33633
34375
41148
27502
27261
27362
31159
27071
33934
35326
34154
34805
47869
37861
34184
34304
34145
29676
33683
27532
27241
27291
27021
26921
30127
27181
27622
27010
26921
34946
30828
26860
33994
30988
27231
27011
28724
29846
35376
27982
26991
27421
29105
29546
26960
26950
29105
40356
35687
27091
40707
27562
26941
30858
26911
34394
27261
27752
27211
33954
40576
34395
