20849
19076
18605
18615
20518
18525
19026
18785
19547
18865
28473
18645
19597
19026
18575
18565
24897
23684
19176
21421
20168
18705
19757
21350
18745
18625
18775
19056
19727
18946
19617
18434
18405
18795
19717
23564
18755
21471
21510
18695
19717
18785
35546
18775
19527
18565
21831
18665
18675
18495
18585
18915
19516
18615
19787
18545
18896
18625
18595
18665
27942
19937
21471
18565
18956
18715
18905
19526
19937
19396
19066
19196
22582
28383
18886
19276
21560
18675
18475
27682
19426
19196
28334
18795
22412
18775
19617
68689
19266
18835
20739
19086
20759
19056
19687
18625
21020
18985
18615
21641
