37680
57388
56406
39564
37741
37952
38031
52229
43000
37440
40566
37530
37660
38312
38242
79239
37790
43121
39865
38012
37341
37981
43121
37730
37801
41698
38312
56076
41478
55835
51808
38202
42500
40957
38021
37760
37771
37731
38122
37561
37280
37841
37230
37770
37791
38302
37891
37350
39224
37320
37932
40647
37991
48721
37300
37360
48220
53841
122590
38221
41078
42921
39895
37209
37811
56877
37781
37300
38322
38762
37690
38332
38131
56035
52439
43100
50145
37781
37220
37971
37831
55093
37751
48381
37470
37260
39013
42890
37580
64742
49513
37300
38443
38392
43201
37561
37640
53891
43111
39334
