27641
27782
28033
28143
29125
27822
27993
41958
30047
27832
27953
27943
28143
28293
29235
27973
34866
35957
28182
27762
27942
41759
31589
27732
27832
27742
39845
29906
41969
27953
28584
31910
42260
35206
85700
29275
31689
31820
28173
27862
28012
30217
28102
87734
28283
30657
27772
28664
28162
34916
34705
36529
73374
35126
35376
28373
34695
35085
35547
28163
28032
41988
28233
28393
35627
35536
34936
35346
35015
28203
27782
28183
27783
30287
35687
27972
35427
59231
28373
35326
27802
28193
34985
35266
34946
28454
28273
35427
30277
35196
73729
35356
34735
35116
28253
28253
28002
28904
27922
28613
