25187
32852
38963
25138
25097
25097
37931
25158
32511
25177
25238
25247
25338
28854
28954
35918
25258
25308
25537
28263
25077
25157
26139
25408
25398
25238
25508
34405
25267
28815
25659
25307
24927
25388
26800
25468
26109
24867
34304
25658
27041
25287
25217
25217
28513
24867
32851
25357
37681
25818
25318
36038
25728
26189
25277
28754
25508
35326
25187
25518
35977
25318
34295
25387
26209
25718
31970
26550
25749
26560
29295
26901
27181
25087
25358
25057
25448
25237
27030
38332
37571
31158
25407
37561
24827
26640
32411
32691
26570
26270
25257
28984
30477
25248
28073
34524
29515
25237
25257
25518
