36228
36629
123890
36448
39905
38072
36388
38182
72616
40816
36769
36759
45566
46908
46347
41348
45957
36037
36268
38853
37941
36739
39724
37770
37390
39424
37921
36218
44504
36789
36779
58930
35928
40816
41517
36669
36408
48902
36328
40516
35997
51757
36378
39164
41568
56155
36488
36648
37892
50204
37080
36098
36208
41838
39855
38722
36608
35787
39564
37591
36148
40076
55033
36068
36358
36028
36578
38372
36158
36147
36638
38472
63248
36108
39944
41508
38442
37630
50144
36378
36018
36338
54543
36549
55384
45956
36719
42219
35877
36178
36659
36919
74700
36629
39955
41498
53861
36529
132821
37891
