61776
43612
43151
47549
43241
49463
45966
49503
67727
42881
45325
45506
42681
43041
44614
46678
64411
42731
46046
42921
81343
43081
59581
44573
49423
44754
43221
43001
69961
44904
43111
43382
44894
42820
43973
43792
49032
43061
42830
45676
44213
44654
42770
55704
49293
64471
43672
44904
43071
53480
55294
61325
58981
50445
43622
43772
43962
49713
43692
42750
44624
46377
42990
58410
43792
45285
47389
43342
50094
109495
42740
42660
45285
42700
71064
49342
43362
42971
42950
43292
43471
64822
43421
49453
49884
43101
43973
43402
42770
42961
53480
54191
44544
52309
49423
47279
43291
43141
64421
43522
