8717
8847
8736
8846
11361
8746
8846
9107
9077
8596
10690
8716
8737
8516
8807
8997
8797
8897
10960
8776
11011
9088
8937
9488
8887
8696
8666
11161
8757
8646
8696
11171
8747
9167
13946
8846
11151
8766
8847
8777
8807
8636
8767
8566
8527
9437
11702
10570
8627
12143
8666
8727
8967
8787
8486
9458
8807
8827
8556
11722
8896
9137
8546
8847
8766
8757
9087
8506
8877
8766
8676
20268
10860
8587
9659
8726
8787
9047
8696
8817
8666
9408
8827
8707
8546
10980
8566
8977
8626
8767
8847
8997
8977
8887
8806
8576
8646
8786
9208
8496
