19978
21581
19647
19597
19717
19847
19577
19717
19657
24306
19707
22642
20118
19837
19997
20028
22111
19396
21440
19486
24336
22742
21039
22261
26650
24285
19817
19697
21090
19897
29295
21190
19366
19567
19617
19627
19587
19667
22372
19396
19667
20909
19437
19847
29816
20017
21140
19998
19687
29826
19867
19597
19396
19587
20308
20037
19808
19837
26149
24806
19427
20338
22653
19968
21300
29395
19788
19667
20017
19767
19456
19456
19527
19937
26600
20228
22462
20608
19557
19346
21310
20238
19837
19557
19376
21270
19727
21440
19657
19677
19707
19657
24115
20128
19747
19897
20869
19787
20659
19858
