24396
22562
22151
24426
23143
56997
23675
27742
22101
24005
22713
22301
27873
22252
22482
22693
22563
28253
22723
22653
22372
22512
30547
22162
22883
24325
24336
22683
23384
24305
28814
25639
22352
33473
22493
24967
30036
29967
22502
22502
32000
22502
22492
25538
24055
25588
22502
33573
22301
25648
22342
23845
23184
24686
22913
29696
22532
22111
29195
22843
34404
22372
22382
23033
22222
22392
24867
25609
22642
22292
22522
22422
22322
22753
24216
25648
25187
33773
22953
22352
28314
30347
22211
22332
22702
22292
28193
22562
23634
22473
22592
22422
25598
28343
24296
22382
33402
22652
22121
22943
