20288
17613
17583
17483
17703
17624
17904
19156
17573
18545
17723
17904
18004
18024
27231
17703
24235
17763
23074
19116
22272
17834
17813
17803
17863
18374
17863
22753
17844
17694
19677
26950
26810
17532
26560
17613
49563
18134
18194
18995
19868
26329
17663
26440
18284
17803
18154
18064
26400
26510
17703
17553
18134
17793
25678
17934
26259
17814
17963
23565
18214
18946
17753
21200
17904
26390
17734
17793
17844
17984
17673
22422
22392
18014
19456
17723
17733
17944
17563
19056
26560
18084
18564
26390
17683
18024
22583
17794
17824
17723
17543
17703
26690
17833
17724
17783
17833
17904
18354
17913
