6201
5991
6042
4869
5951
5190
6061
4819
4789
6162
4839
4759
4769
5991
4860
6082
6002
6052
6091
6372
4819
6332
6071
4979
5080
6041
6082
6131
4829
4819
4819
4889
6031
6121
4910
5180
4839
4758
4789
6051
5020
6062
6202
5971
6052
6011
5981
4869
6142
5991
5089
5981
4809
5951
6171
6072
6512
6032
6242
6071
6051
6072
5951
4799
4829
6092
4979
4859
6072
5991
4809
6071
4859
6021
6011
5941
4930
6172
6091
6142
4799
4909
4849
6122
6011
6282
4879
4879
4899
6041
4759
6142
6061
4869
5961
5951
6022
5952
6011
6002
