64982
45766
45225
45786
46117
45315
49223
45766
65253
51797
45746
46778
65203
52198
46797
47639
70613
45686
51997
45705
45816
45556
53090
48090
45946
46417
45295
45665
45355
50855
48491
45265
45235
52148
46166
46287
45646
52088
45636
45676
67577
48832
45826
45716
46056
51075
45586
46778
62688
45846
45445
56096
45385
45435
45666
49042
47179
45706
45095
45856
45565
76083
46026
45676
52539
60484
45715
51106
51216
45225
52499
56947
58650
45886
45435
45094
45005
45064
45175
56306
45405
51426
46828
45776
68999
51547
68799
48010
45505
45255
52118
52067
52378
46688
52468
45516
46346
45686
54081
46908
