36619
37821
36218
54532
38242
39444
36498
36508
54713
36909
36228
46357
41909
36569
36809
39815
36890
37080
37179
36799
36629
37120
41798
36479
37190
36628
36719
37080
36689
37440
55584
36769
36769
48922
42269
36549
36569
108814
36849
54503
51316
36388
39485
36729
37300
37099
42019
37090
55083
37019
36529
54402
39834
42700
41988
36298
40005
36699
38643
38001
37631
37130
36358
37671
36719
37180
36599
40847
41077
49022
36188
42099
37791
36849
36809
36919
37119
40266
37520
36779
37110
56817
36399
55434
37280
36389
41848
42209
41909
44965
41819
36909
36429
49833
36458
37080
48751
36929
36939
36769
