23925
28042
23654
23333
31329
23173
23134
23363
24426
23654
26670
26920
25077
23073
31549
26640
23414
23504
24145
23504
25287
23383
24145
25107
26479
23113
23053
26620
23153
23635
23454
22993
23394
23364
24536
23454
23133
23684
31318
23374
49733
23474
23354
23134
24105
23464
23554
26600
26400
23774
23234
23384
29114
23715
23715
23594
29726
26259
23735
24936
26410
23524
35256
23013
23224
29175
26650
23084
25137
23324
23174
23153
25137
29336
24375
23614
23484
24396
23354
23805
35506
23213
23183
26519
24646
23504
23113
24015
23465
26219
23274
24877
28093
23584
23585
23374
23344
26640
35256
23504
