6532
7784
7945
6402
8015
8096
7774
7795
6482
8015
7845
6452
7835
7945
8215
7915
6543
6432
6291
7924
8015
7845
8115
8166
8075
7935
6422
8055
8286
8035
7835
8055
6241
6352
6502
7865
6362
6522
8116
8236
6382
6241
7785
8225
8066
8135
6472
8065
7955
7905
6522
6432
8055
6702
6613
7995
7845
8005
6502
7754
6322
6482
6191
7855
7775
6782
7975
6212
6402
8025
6311
9177
6432
6623
8045
8025
7824
8125
6392
6462
7965
6432
7805
6372
6402
8035
7794
6251
8025
7904
6321
8015
7805
7895
6453
8115
6311
8105
8185
7825
