7224
5781
7294
7214
7254
5771
7223
5771
5761
5791
5941
5731
7093
5861
5720
5931
7134
5791
7284
5861
7263
7264
7204
7194
5831
7254
7223
5841
7264
5741
5781
5791
5711
5781
5711
7194
5740
5710
5721
5741
5811
7194
7173
5751
7163
7184
54552
7173
7464
5851
7244
7263
7444
7173
5821
7344
5841
7283
5922
6031
5821
5770
5871
7253
7514
7524
7243
7304
5831
5740
6001
5841
5911
7514
7274
7384
5831
5811
6803
7534
7284
5770
7184
7224
5801
5710
7123
7214
7154
5670
7163
5730
5931
5701
5731
7534
5981
7193
7144
7174
