100 580.66 5.8066 712 551 100 graficos/binary/binary_worst-100-100.txt
200 1130.7 11.307 1392 1002 100 graficos/binary/binary_worst-100-200.txt
300 1773.03 17.7303 2725 1593 100 graficos/binary/binary_worst-100-300.txt
400 2335.27 23.3527 2915 1913 100 graficos/binary/binary_worst-100-400.txt
500 2906.32 29.0632 4288 2394 100 graficos/binary/binary_worst-100-500.txt
600 3430.08 34.3008 4218 2855 100 graficos/binary/binary_worst-100-600.txt
700 3994.87 39.9487 4809 3316 100 graficos/binary/binary_worst-100-700.txt
800 5074.64 50.7464 6252 3797 100 graficos/binary/binary_worst-100-800.txt
900 5280.05 52.8005 5780 4308 100 graficos/binary/binary_worst-100-900.txt
1000 5608.35 56.0835 6512 4758 100 graficos/binary/binary_worst-100-1000.txt
1100 6345.48 63.4548 8446 5229 100 graficos/binary/binary_worst-100-1100.txt
1200 7002.64 70.0264 7534 54552 100 graficos/binary/binary_worst-100-1200.txt
1300 7383.8 73.838 9177 6191 100 graficos/binary/binary_worst-100-1300.txt
1400 7638.93 76.3893 8826 18545 100 graficos/binary/binary_worst-100-1400.txt
1500 8430.72 84.3072 9468 25558 100 graficos/binary/binary_worst-100-1500.txt
1600 8505.64 85.0564 9999 10059 100 graficos/binary/binary_worst-100-1600.txt
1700 8679.03 86.7903 9508 10069 100 graficos/binary/binary_worst-100-1700.txt
1800 9296.12 92.9612 9659 10570 100 graficos/binary/binary_worst-100-1800.txt
1900 9333.47 93.3347 9988 10109 100 graficos/binary/binary_worst-100-1900.txt
2000 9922.64 99.2264 9948 10069 100 graficos/binary/binary_worst-100-2000.txt
2100 10537.3 105.373 9999 10018 100 graficos/binary/binary_worst-100-2100.txt
2200 11460.6 114.606 16000 10289 100 graficos/binary/binary_worst-100-2200.txt
2300 12161.1 121.611 16892 10730 100 graficos/binary/binary_worst-100-2300.txt
2400 12441.4 124.414 19386 11171 100 graficos/binary/binary_worst-100-2400.txt
2500 12649.1 126.491 20268 11631 100 graficos/binary/binary_worst-100-2500.txt
2600 12927.8 129.278 29175 12083 100 graficos/binary/binary_worst-100-2600.txt
2700 13688.5 136.885 19777 12533 100 graficos/binary/binary_worst-100-2700.txt
2800 14091.2 140.912 20298 12975 100 graficos/binary/binary_worst-100-2800.txt
2900 14348.6 143.486 20498 13445 100 graficos/binary/binary_worst-100-2900.txt
3000 14864.8 148.648 21551 13896 100 graficos/binary/binary_worst-100-3000.txt
3100 15701.6 157.016 30217 14307 100 graficos/binary/binary_worst-100-3100.txt
3200 15928.1 159.281 22753 14787 100 graficos/binary/binary_worst-100-3200.txt
3300 16713.8 167.138 44273 15278 100 graficos/binary/binary_worst-100-3300.txt
3400 17217.8 172.178 45204 15689 100 graficos/binary/binary_worst-100-3400.txt
3500 18223.7 182.237 42870 16140 100 graficos/binary/binary_worst-100-3500.txt
3600 20023.4 200.234 84574 16572 100 graficos/binary/binary_worst-100-3600.txt
3700 20296.8 202.968 88233 17102 100 graficos/binary/binary_worst-100-3700.txt
3800 19965.5 199.655 49563 17483 100 graficos/binary/binary_worst-100-3800.txt
3900 19432.8 194.328 27813 17933 100 graficos/binary/binary_worst-100-3900.txt
4000 20633 206.33 68689 18405 100 graficos/binary/binary_worst-100-4000.txt
4100 20839.9 208.399 58320 18965 100 graficos/binary/binary_worst-100-4100.txt
4200 20956.3 209.563 29826 19346 100 graficos/binary/binary_worst-100-4200.txt
4300 21770.4 217.704 40756 19807 100 graficos/binary/binary_worst-100-4300.txt
4400 23132.8 231.328 77570 20227 100 graficos/binary/binary_worst-100-4400.txt
4500 23890.9 238.909 63700 20719 100 graficos/binary/binary_worst-100-4500.txt
4600 24116.9 241.169 53420 21190 100 graficos/binary/binary_worst-100-4600.txt
4700 25135.8 251.358 81519 21630 100 graficos/binary/binary_worst-100-4700.txt
4800 24876.8 248.768 56997 22101 100 graficos/binary/binary_worst-100-4800.txt
4900 24441.8 244.418 40025 22612 100 graficos/binary/binary_worst-100-4900.txt
5000 25197.5 251.975 49733 22993 100 graficos/binary/binary_worst-100-5000.txt
5100 26012.4 260.124 39063 23414 100 graficos/binary/binary_worst-100-5100.txt
5200 27352.3 273.523 38813 23875 100 graficos/binary/binary_worst-100-5200.txt
5300 28580 285.8 50154 24296 100 graficos/binary/binary_worst-100-5300.txt
5400 27924.7 279.247 38963 24827 100 graficos/binary/binary_worst-100-5400.txt
5500 28274.9 282.749 41698 25258 100 graficos/binary/binary_worst-100-5500.txt
5600 28764.6 287.646 65804 25678 100 graficos/binary/binary_worst-100-5600.txt
5700 33127.3 331.273 54543 103915 100 graficos/binary/binary_worst-100-5700.txt
5800 31626.4 316.264 65213 26860 100 graficos/binary/binary_worst-100-5800.txt
5900 30993.5 309.935 80070 27081 100 graficos/binary/binary_worst-100-5900.txt
6000 33539.8 335.398 87734 27641 100 graficos/binary/binary_worst-100-6000.txt
6100 32894.3 328.943 83745 28123 100 graficos/binary/binary_worst-100-6100.txt
6200 34107.6 341.076 83136 128810 100 graficos/binary/binary_worst-100-6200.txt
6300 36036.9 360.369 68488 105628 100 graficos/binary/binary_worst-100-6300.txt
6400 33979.1 339.791 45386 29455 100 graficos/binary/binary_worst-100-6400.txt
6500 34618.6 346.186 46137 137374 100 graficos/binary/binary_worst-100-6500.txt
6600 34025.6 340.256 47138 30277 100 graficos/binary/binary_worst-100-6600.txt
6700 33750.5 337.505 48110 30777 100 graficos/binary/binary_worst-100-6700.txt
6800 36793.7 367.937 49213 210980 100 graficos/binary/binary_worst-100-6800.txt
6900 39010.4 390.104 87814 117761 100 graficos/binary/binary_worst-100-6900.txt
7000 35989.1 359.891 49613 32150 100 graficos/binary/binary_worst-100-7000.txt
7100 36809.5 368.095 50034 109461 100 graficos/binary/binary_worst-100-7100.txt
7200 37703.6 377.036 72296 33032 100 graficos/binary/binary_worst-100-7200.txt
7300 36688.4 366.884 51817 33483 100 graficos/binary/binary_worst-100-7300.txt
7400 38417.4 384.174 92253 33903 100 graficos/binary/binary_worst-100-7400.txt
7500 38667.2 386.672 89268 34395 100 graficos/binary/binary_worst-100-7500.txt
7600 39290.4 392.904 63800 34866 100 graficos/binary/binary_worst-100-7600.txt
7700 39147.1 391.471 84679 35337 100 graficos/binary/binary_worst-100-7700.txt
7800 42575.2 425.752 74700 123890 100 graficos/binary/binary_worst-100-7800.txt
7900 40719.8 407.198 56817 108814 100 graficos/binary/binary_worst-100-7900.txt
8000 42352.4 423.524 56997 123191 100 graficos/binary/binary_worst-100-8000.txt
8100 42695.9 426.959 79239 122590 100 graficos/binary/binary_worst-100-8100.txt
8200 41187 411.87 57938 37600 100 graficos/binary/binary_worst-100-8200.txt
8300 43066.9 430.669 59201 38091 100 graficos/binary/binary_worst-100-8300.txt
8400 44503.4 445.034 87224 38523 100 graficos/binary/binary_worst-100-8400.txt
8500 43149.9 431.499 60603 39003 100 graficos/binary/binary_worst-100-8500.txt
8600 43538.2 435.382 84058 39494 100 graficos/binary/binary_worst-100-8600.txt
8700 45677.2 456.772 61385 131046 100 graficos/binary/binary_worst-100-8700.txt
8800 46020.6 460.206 62327 40326 100 graficos/binary/binary_worst-100-8800.txt
8900 46233.5 462.335 62648 40867 100 graficos/binary/binary_worst-100-8900.txt
9000 47255.9 472.559 95880 41337 100 graficos/binary/binary_worst-100-9000.txt
9100 47749.4 477.494 84338 104045 100 graficos/binary/binary_worst-100-9100.txt
9200 47872.1 478.721 80732 101210 100 graficos/binary/binary_worst-100-9200.txt
9300 48660.5 486.605 81343 109495 100 graficos/binary/binary_worst-100-9300.txt
9400 46739.4 467.394 82435 43131 100 graficos/binary/binary_worst-100-9400.txt
9500 48891.1 488.911 70893 43612 100 graficos/binary/binary_worst-100-9500.txt
9600 50813.9 508.139 84068 169453 100 graficos/binary/binary_worst-100-9600.txt
9700 49642.8 496.428 94237 44463 100 graficos/binary/binary_worst-100-9700.txt
9800 49727 497.27 76083 45005 100 graficos/binary/binary_worst-100-9800.txt
9900 50188.1 501.881 73037 45446 100 graficos/binary/binary_worst-100-9900.txt
10000 51730.6 517.306 76304 45856 100 graficos/binary/binary_worst-100-10000.txt
