5320
6552
5280
5350
6592
6592
5230
6743
5250
5279
6863
6562
6723
6612
6763
5300
5229
6732
5460
5270
6623
6622
6572
6632
7043
6622
6663
6593
6673
6593
5591
6632
5461
6622
6903
6613
6713
5320
6593
6623
6573
6763
5460
6602
6622
6583
5280
5280
6733
6633
5310
6652
6643
6582
6673
5380
6702
5280
6733
7664
6763
6603
8206
6843
6642
6603
8446
6592
6753
6643
6692
6632
6652
6693
6603
6623
5280
5270
6632
5300
6763
6612
6632
6643
5350
5450
6623
6552
6743
6552
6763
5290
6653
6693
6683
6653
6642
6633
5330
5260
