1593
1933
1934
1593
1944
1984
2044
2595
2064
1643
2725
2073
1753
1753
1733
1724
1723
1923
1753
1713
1733
1914
1674
1723
1703
1733
1693
1713
1714
1713
1743
1713
1734
1713
1733
1753
2064
1683
1723
1714
1713
1803
1714
1693
1733
1693
1713
1713
1714
1713
1694
1704
1763
1743
1743
1763
1713
1724
1713
1703
1713
1733
1754
1774
1723
1703
1733
1713
1713
1743
1714
1763
1723
1754
1693
1743
1703
1754
1683
1734
1793
1723
1733
1733
1703
1703
1723
1713
1683
1713
1703
1693
1744
1724
1683
1724
1713
2114
1734
2134
